date,time,open,high,low,close,volume,amount,settelementPrice,openInterest,preClose,suspendFlag,datetime
20230103,1672675200000,7.04,7.1000000000000005,6.95,7.07,350021,245895921.00000003,0.0,15,7.08,0,2023-01-02 16:00:00
20230104,1672761600000,7.069999999999999,7.1499999999999995,7.01,7.06,329328,233126038.00000003,0.0,15,7.069999999999999,0,2023-01-03 16:00:00
20230105,1672848000000,7.05,7.069999999999999,6.97,7.06,323860,226951940.0,0.0,15,7.06,0,2023-01-04 16:00:00
20230106,1672934400000,7.0200000000000005,7.05,6.99,7.04,261503,183381809.0,0.0,15,7.0600000000000005,0,2023-01-05 16:00:00
20230109,1673193600000,7.04,7.23,7.0200000000000005,7.2,511510,365292240.00000006,0.0,15,7.04,0,2023-01-08 16:00:00
20230110,1673280000000,7.2,7.22,7.08,7.14,312413,222794938.00000003,0.0,15,7.2,0,2023-01-09 16:00:00
20230111,1673366400000,7.1000000000000005,7.220000000000001,7.0600000000000005,7.180000000000001,346895,247946012.00000003,0.0,15,7.140000000000001,0,2023-01-10 16:00:00
20230112,1673452800000,7.17,7.2,7.09,7.109999999999999,227944,162572672.0,0.0,15,7.18,0,2023-01-11 16:00:00
20230113,1673539200000,7.12,7.390000000000001,7.1000000000000005,7.300000000000001,619596,452340576.0,0.0,15,7.11,0,2023-01-12 16:00:00
20230116,1673798400000,7.460000000000001,8.01,7.390000000000001,7.920000000000001,1404737,1090417039.0,0.0,15,7.300000000000001,0,2023-01-15 16:00:00
20230117,1673884800000,8.09,8.120000000000001,7.8500000000000005,8.07,883309,706833973.0,0.0,15,7.920000000000001,0,2023-01-16 16:00:00
20230118,1673971200000,8.06,8.06,7.73,7.75,518711,405530823.99999994,0.0,15,8.07,0,2023-01-17 16:00:00
20230119,1674057600000,7.74,7.760000000000001,7.6000000000000005,7.680000000000001,357768,274841104.00000006,0.0,15,7.750000000000001,0,2023-01-18 16:00:00
20230120,1674144000000,7.73,7.790000000000001,7.6000000000000005,7.630000000000001,327213,250112914.0,0.0,15,7.680000000000001,0,2023-01-19 16:00:00
20230130,1675008000000,7.630000000000001,7.8500000000000005,7.6000000000000005,7.7700000000000005,398826,308650811.00000006,0.0,15,7.630000000000001,0,2023-01-29 16:00:00
20230131,1675094400000,7.920000000000001,8.08,7.7700000000000005,7.83,555046,439505697.0,0.0,15,7.7700000000000005,0,2023-01-30 16:00:00
20230201,1675180800000,7.83,8.1,7.8,8.09,554663,444449024.00000006,0.0,15,7.83,0,2023-01-31 16:00:00
20230202,1675267200000,8.1,8.25,8.01,8.18,364899,296939099.0,0.0,15,8.09,0,2023-02-01 16:00:00
20230203,1675353600000,8.16,8.209999999999999,7.97,7.989999999999999,335885,270412069.0,0.0,15,8.18,0,2023-02-02 16:00:00
20230206,1675612800000,7.98,8.35,7.83,8.3,561688,458288400.0,0.0,15,7.99,0,2023-02-05 16:00:00
20230207,1675699200000,8.33,8.34,8.06,8.1,408668,332561294.0,0.0,15,8.3,0,2023-02-06 16:00:00
20230208,1675785600000,8.09,8.16,8.0,8.02,219529,176714313.0,0.0,15,8.1,0,2023-02-07 16:00:00
20230209,1675872000000,8.01,8.07,8.0,8.07,175948,141420453.0,0.0,15,8.02,0,2023-02-08 16:00:00
20230210,1675958400000,8.040000000000001,8.17,7.99,8.08,193625,156388795.0,0.0,15,8.07,0,2023-02-09 16:00:00
20230213,1676217600000,8.09,8.16,7.73,7.91,467815,368317255.00000006,0.0,15,8.08,0,2023-02-12 16:00:00
20230214,1676304000000,7.930000000000001,7.99,7.82,7.83,258956,204086441.0,0.0,15,7.91,0,2023-02-13 16:00:00
20230215,1676390400000,7.82,7.86,7.67,7.7299999999999995,300550,232276439.0,0.0,15,7.83,0,2023-02-14 16:00:00
20230216,1676476800000,7.74,8.0,7.66,7.74,430595,337723957.0,0.0,15,7.73,0,2023-02-15 16:00:00
20230217,1676563200000,7.75,7.91,7.73,7.79,242218,189560790.99999997,0.0,15,7.74,0,2023-02-16 16:00:00
20230220,1676822400000,7.880000000000001,7.91,7.6000000000000005,7.8100000000000005,325842,251433742.0,0.0,15,7.790000000000001,0,2023-02-19 16:00:00
20230221,1676908800000,7.77,7.9799999999999995,7.76,7.859999999999999,263051,206897469.00000003,0.0,15,7.81,0,2023-02-20 16:00:00
20230222,1676995200000,7.87,7.98,7.82,7.91,241311,190866258.0,0.0,15,7.86,0,2023-02-21 16:00:00
20230223,1677081600000,7.91,8.01,7.84,7.89,243317,192727876.0,0.0,15,7.91,0,2023-02-22 16:00:00
20230224,1677168000000,7.9,8.01,7.79,7.83,218408,171973242.0,0.0,15,7.89,0,2023-02-23 16:00:00
20230227,1677427200000,7.82,7.91,7.75,7.78,176230,137703707.0,0.0,15,7.83,0,2023-02-26 16:00:00
20230228,1677513600000,7.78,7.84,7.75,7.83,136097,106064656.0,0.0,15,7.78,0,2023-02-27 16:00:00
20230301,1677600000000,7.82,7.83,7.73,7.800000000000001,204308,158883111.0,0.0,15,7.83,0,2023-02-28 16:00:00
20230302,1677686400000,7.779999999999999,7.8,7.72,7.76,172912,134048205.00000001,0.0,15,7.8,0,2023-03-01 16:00:00
20230303,1677772800000,7.75,7.78,7.66,7.69,182140,140195866.0,0.0,15,7.76,0,2023-03-02 16:00:00
20230306,1678032000000,7.68,7.84,7.63,7.79,251095,195126379.00000003,0.0,15,7.6899999999999995,0,2023-03-05 16:00:00
20230307,1678118400000,7.78,7.86,7.58,7.6,253123,195382675.0,0.0,15,7.79,0,2023-03-06 16:00:00
20230308,1678204800000,7.6,7.609999999999999,7.43,7.489999999999999,232472,174182226.00000003,0.0,15,7.6,0,2023-03-07 16:00:00
20230309,1678291200000,7.510000000000001,7.550000000000001,7.28,7.38,260294,192118647.0,0.0,15,7.49,0,2023-03-08 16:00:00
20230310,1678377600000,7.319999999999999,7.359999999999999,7.18,7.1899999999999995,283863,205188958.0,0.0,15,7.38,0,2023-03-09 16:00:00
20230313,1678636800000,7.180000000000001,7.5,7.15,7.470000000000001,338877,248895670.0,0.0,15,7.19,0,2023-03-12 16:00:00
20230314,1678723200000,7.45,7.85,7.42,7.66,557902,430374420.00000006,0.0,15,7.47,0,2023-03-13 16:00:00
20230315,1678809600000,7.66,8.08,7.65,7.74,510989,400096646.0,0.0,15,7.66,0,2023-03-14 16:00:00
20230316,1678896000000,7.74,7.800000000000001,7.3500000000000005,7.37,421128,316052553.99999994,0.0,15,7.74,0,2023-03-15 16:00:00
20230317,1678982400000,7.46,7.5,7.33,7.36,250667,185665098.0,0.0,15,7.37,0,2023-03-16 16:00:00
20230320,1679241600000,7.359999999999999,7.4399999999999995,7.22,7.239999999999999,302084,220196664.0,0.0,15,7.359999999999999,0,2023-03-19 16:00:00
20230321,1679328000000,7.27,7.319999999999999,7.22,7.31,155416,113048853.0,0.0,15,7.239999999999999,0,2023-03-20 16:00:00
20230322,1679414400000,7.34,7.42,7.25,7.34,220342,161607904.00000003,0.0,15,7.31,0,2023-03-21 16:00:00
20230323,1679500800000,7.3,7.39,7.25,7.32,200596,146577803.0,0.0,15,7.34,0,2023-03-22 16:00:00
20230324,1679587200000,7.21,7.35,7.21,7.31,178476,130257048.0,0.0,15,7.32,0,2023-03-23 16:00:00
20230327,1679846400000,7.3100000000000005,7.86,7.3100000000000005,7.800000000000001,852293,652815561.0,0.0,15,7.3100000000000005,0,2023-03-26 16:00:00
20230328,1679932800000,7.77,8.04,7.72,7.88,722340,570786857.0,0.0,15,7.8,0,2023-03-27 16:00:00
20230329,1680019200000,7.8,7.85,7.55,7.58,355460,271537810.99999994,0.0,15,7.88,0,2023-03-28 16:00:00
20230330,1680105600000,7.57,7.98,7.5600000000000005,7.920000000000001,575263,451346362.0,0.0,15,7.58,0,2023-03-29 16:00:00
20230331,1680192000000,8.33,8.5,8.05,8.16,1307042,1083961231.0,0.0,15,7.920000000000001,0,2023-03-30 16:00:00
20230403,1680451200000,8.05,8.83,8.05,8.700000000000001,1063383,914401420.0,0.0,15,8.16,0,2023-04-02 16:00:00
20230404,1680537600000,8.68,9.309999999999999,8.6,8.959999999999999,958897,865387899.0,0.0,15,8.7,0,2023-04-03 16:00:00
20230406,1680710400000,8.940000000000001,9.200000000000001,8.89,9.05,583028,525716650.99999994,0.0,15,8.96,0,2023-04-05 16:00:00
20230407,1680796800000,8.88,9.120000000000001,8.74,8.75,361444,319597900.0,0.0,15,9.05,0,2023-04-06 16:00:00
20230410,1681056000000,8.75,8.95,8.45,8.54,583265,508102222.00000006,0.0,15,8.75,0,2023-04-09 16:00:00
20230411,1681142400000,8.549999999999999,8.75,8.43,8.61,406671,349081844.0,0.0,15,8.54,0,2023-04-10 16:00:00
20230412,1681228800000,8.59,8.59,8.2,8.35,457879,381573135.0,0.0,15,8.61,0,2023-04-11 16:00:00
20230413,1681315200000,8.360000000000001,8.540000000000001,8.22,8.360000000000001,309964,259675731.0,0.0,15,8.350000000000001,0,2023-04-12 16:00:00
20230414,1681401600000,8.33,8.37,8.09,8.15,343854,281694689.0,0.0,15,8.36,0,2023-04-13 16:00:00
20230417,1681660800000,8.16,8.4,8.13,8.180000000000001,379846,311797559.0,0.0,15,8.15,0,2023-04-16 16:00:00
20230418,1681747200000,8.21,8.340000000000002,8.040000000000001,8.260000000000002,462946,379717186.0,0.0,15,8.180000000000001,0,2023-04-17 16:00:00
20230419,1681833600000,8.26,8.39,8.14,8.190000000000001,470402,387866557.00000006,0.0,15,8.26,0,2023-04-18 16:00:00
20230420,1681920000000,8.24,8.270000000000001,8.05,8.13,410979,333951625.0,0.0,15,8.190000000000001,0,2023-04-19 16:00:00
20230421,1682006400000,8.1,8.15,7.75,7.77,583901,461606199.0,0.0,15,8.13,0,2023-04-20 16:00:00
20230424,1682265600000,7.83,7.890000000000001,7.62,7.74,326117,252675336.0,0.0,15,7.7700000000000005,0,2023-04-23 16:00:00
20230425,1682352000000,7.739999999999999,7.88,7.68,7.819999999999999,407387,317046582.0,0.0,15,7.739999999999999,0,2023-04-24 16:00:00
20230426,1682438400000,7.779999999999999,8.03,7.72,7.84,372395,293732210.00000006,0.0,15,7.819999999999999,0,2023-04-25 16:00:00
20230427,1682524800000,7.83,7.89,7.71,7.81,312374,243680717.00000003,0.0,15,7.84,0,2023-04-26 16:00:00
20230428,1682611200000,7.71,7.75,7.13,7.29,899732,661133800.0,0.0,15,7.81,0,2023-04-27 16:00:00
20230504,1683129600000,7.4,7.430000000000001,7.0600000000000005,7.08,561342,401208837.0,0.0,15,7.290000000000001,0,2023-05-03 16:00:00
20230505,1683216000000,7.17,7.18,6.93,7.01,441975,310879865.0,0.0,15,7.08,0,2023-05-04 16:00:00
20230508,1683475200000,7.01,7.09,6.95,7.03,270845,190217991.00000003,0.0,15,7.01,0,2023-05-07 16:00:00
20230509,1683561600000,7.0200000000000005,7.300000000000001,6.98,7.23,496833,356504938.0,0.0,15,7.03,0,2023-05-08 16:00:00
20230510,1683648000000,7.220000000000001,7.260000000000001,7.0200000000000005,7.07,349553,247454753.00000003,0.0,15,7.23,0,2023-05-09 16:00:00
20230511,1683734400000,7.05,7.24,7.01,7.18,350030,250239112.0,0.0,15,7.069999999999999,0,2023-05-10 16:00:00
20230512,1683820800000,7.18,7.36,7.12,7.19,329810,238712680.0,0.0,15,7.18,0,2023-05-11 16:00:00
20230515,1684080000000,7.21,7.23,7.04,7.18,282629,201149853.0,0.0,15,7.19,0,2023-05-14 16:00:00
20230516,1684166400000,7.23,7.29,7.07,7.12,337592,242406050.0,0.0,15,7.180000000000001,0,2023-05-15 16:00:00
20230517,1684252800000,7.08,7.16,7.03,7.11,205700,145661840.0,0.0,15,7.12,0,2023-05-16 16:00:00
20230518,1684339200000,7.11,7.220000000000001,6.98,7.03,440234,311272950.0,0.0,15,7.11,0,2023-05-17 16:00:00
20230519,1684425600000,6.98,7.09,6.78,7.09,334775,232817801.0,0.0,15,7.03,0,2023-05-18 16:00:00
20230522,1684684800000,7.01,7.08,6.95,7.0200000000000005,205777,144198159.0,0.0,15,7.09,0,2023-05-21 16:00:00
20230523,1684771200000,7.01,7.05,6.87,6.88,255520,177226154.0,0.0,15,7.0200000000000005,0,2023-05-22 16:00:00
20230524,1684857600000,6.8500000000000005,6.92,6.82,6.8500000000000005,136687,93773251.0,0.0,15,6.88,0,2023-05-23 16:00:00
20230525,1684944000000,6.84,6.88,6.58,6.71,288202,193641000.0,0.0,15,6.85,0,2023-05-24 16:00:00
20230526,1685030400000,6.71,6.72,6.58,6.7,146354,97392060.0,0.0,15,6.71,0,2023-05-25 16:00:00
20230529,1685289600000,6.66,6.73,6.49,6.51,259383,170370081.0,0.0,15,6.7,0,2023-05-28 16:00:00
20230530,1685376000000,6.510000000000001,6.58,6.4,6.5600000000000005,217653,141093226.0,0.0,15,6.510000000000001,0,2023-05-29 16:00:00
20230531,1685462400000,6.53,6.55,6.42,6.47,141145,91510571.0,0.0,15,6.56,0,2023-05-30 16:00:00
20230601,1685548800000,6.47,6.59,6.41,6.51,157623,102874574.0,0.0,15,6.47,0,2023-05-31 16:00:00
20230602,1685635200000,6.5,6.66,6.49,6.640000000000001,181435,119735681.0,0.0,15,6.51,0,2023-06-01 16:00:00
20230605,1685894400000,6.66,6.66,6.33,6.39,461521,297270543.0,0.0,15,6.64,0,2023-06-04 16:00:00
20230606,1685980800000,6.4,6.41,6.28,6.3,208925,132480451.0,0.0,15,6.390000000000001,0,2023-06-05 16:00:00
20230607,1686067200000,6.3,6.39,6.26,6.35,171811,108645055.00000001,0.0,15,6.3,0,2023-06-06 16:00:00
20230608,1686153600000,6.33,6.75,6.3,6.66,659589,435684279.0,0.0,15,6.35,0,2023-06-07 16:00:00
20230609,1686240000000,6.57,6.7,6.48,6.640000000000001,328848,216709559.0,0.0,15,6.66,0,2023-06-08 16:00:00
20230612,1686499200000,6.61,6.78,6.57,6.74,296377,198109575.0,0.0,15,6.640000000000001,0,2023-06-11 16:00:00
20230613,1686585600000,6.720000000000001,6.88,6.57,6.66,369752,248759163.0,0.0,15,6.74,0,2023-06-12 16:00:00
20230614,1686672000000,6.64,6.66,6.55,6.569999999999999,226151,149118312.0,0.0,15,6.66,0,2023-06-13 16:00:00
20230615,1686758400000,6.58,6.640000000000001,6.5200000000000005,6.630000000000001,180623,118867626.0,0.0,15,6.57,0,2023-06-14 16:00:00
20230616,1686844800000,6.640000000000001,6.8100000000000005,6.6000000000000005,6.73,285956,192488343.0,0.0,15,6.630000000000001,0,2023-06-15 16:00:00
20230619,1687104000000,6.680000000000001,6.890000000000001,6.65,6.69,308533,208894459.0,0.0,15,6.73,0,2023-06-18 16:00:00
20230620,1687190400000,6.6899999999999995,6.76,6.63,6.66,202513,135319944.0,0.0,15,6.6899999999999995,0,2023-06-19 16:00:00
20230621,1687276800000,6.66,6.7,6.5,6.51,170082,111933562.99999999,0.0,15,6.66,0,2023-06-20 16:00:00
20230626,1687708800000,6.43,6.63,6.38,6.49,323263,210317546.0,0.0,15,6.51,0,2023-06-25 16:00:00
20230627,1687795200000,6.5,6.71,6.47,6.609999999999999,295907,195299207.0,0.0,15,6.489999999999999,0,2023-06-26 16:00:00
20230628,1687881600000,6.61,6.66,6.45,6.48,203981,132637709.0,0.0,15,6.61,0,2023-06-27 16:00:00
20230629,1687968000000,6.45,6.65,6.41,6.61,259113,170735507.0,0.0,15,6.48,0,2023-06-28 16:00:00
20230630,1688054400000,6.609999999999999,6.72,6.59,6.6499999999999995,260006,173478049.0,0.0,15,6.609999999999999,0,2023-06-29 16:00:00
20230703,1688313600000,6.66,6.84,6.62,6.76,294063,197905241.0,0.0,15,6.65,0,2023-07-02 16:00:00
20230704,1688400000000,6.79,6.9,6.67,6.7,248220,167086414.0,0.0,15,6.76,0,2023-07-03 16:00:00
20230705,1688486400000,6.7,6.71,6.54,6.56,250985,165465148.0,0.0,15,6.7,0,2023-07-04 16:00:00
20230706,1688572800000,6.55,7.220000000000001,6.53,7.01,1077678,755317248.0,0.0,15,6.5600000000000005,0,2023-07-05 16:00:00
20230707,1688659200000,6.9,7.010000000000001,6.78,6.94,1051174,726617666.0,0.0,15,7.010000000000001,0,2023-07-06 16:00:00
20230710,1688918400000,7.11,7.25,6.95,6.99,902410,639835269.0000001,0.0,15,6.9,0,2023-07-09 16:00:00
20230711,1689004800000,7.0600000000000005,7.08,6.7700000000000005,6.890000000000001,514447,354802224.00000006,0.0,15,6.99,0,2023-07-10 16:00:00
20230712,1689091200000,6.960000000000001,7.19,6.8500000000000005,7.040000000000001,563171,396435639.00000006,0.0,15,6.890000000000001,0,2023-07-11 16:00:00
20230713,1689177600000,7.010000000000001,7.1000000000000005,6.94,7.050000000000001,350019,245953770.0,0.0,15,7.04,0,2023-07-12 16:00:00
20230714,1689264000000,7.0,7.1000000000000005,6.95,7.0,250577,175981492.0,0.0,15,7.05,0,2023-07-13 16:00:00
20230717,1689523200000,6.9,7.15,6.8100000000000005,7.0600000000000005,388370,273165219.00000006,0.0,15,7.000000000000001,0,2023-07-16 16:00:00
20230718,1689609600000,7.07,7.3500000000000005,7.0200000000000005,7.170000000000001,584981,422207903.0,0.0,15,7.0600000000000005,0,2023-07-17 16:00:00
20230719,1689696000000,7.170000000000001,7.380000000000001,7.1000000000000005,7.220000000000001,368884,267596293.0,0.0,15,7.170000000000001,0,2023-07-18 16:00:00
20230720,1689782400000,7.220000000000001,7.300000000000001,7.1000000000000005,7.1000000000000005,258615,185201917.00000003,0.0,15,7.220000000000001,0,2023-07-19 16:00:00
20230721,1689868800000,7.12,7.2700000000000005,7.0600000000000005,7.19,318013,229027756.0,0.0,15,7.1000000000000005,0,2023-07-20 16:00:00
20230724,1690128000000,7.23,7.33,7.0,7.04,400246,285566438.0,0.0,15,7.19,0,2023-07-23 16:00:00
20230725,1690214400000,7.05,7.09,6.88,6.9799999999999995,419798,292089925.0,0.0,15,7.04,0,2023-07-24 16:00:00
20230726,1690300800000,6.98,7.010000000000001,6.9,6.96,305715,212310099.0,0.0,15,6.98,0,2023-07-25 16:00:00
20230727,1690387200000,6.96,7.14,6.93,7.029999999999999,344666,242808238.99999997,0.0,15,6.96,0,2023-07-26 16:00:00
20230728,1690473600000,7.01,7.07,6.92,7.03,270146,189192829.00000003,0.0,15,7.03,0,2023-07-27 16:00:00
20230731,1690732800000,7.14,7.34,7.08,7.34,607808,439156727.0,0.0,15,7.03,0,2023-07-30 16:00:00
20230801,1690819200000,7.32,7.32,7.1000000000000005,7.130000000000001,488110,350568234.00000006,0.0,15,7.340000000000001,0,2023-07-31 16:00:00
20230802,1690905600000,7.16,7.22,7.08,7.11,282590,201565647.00000003,0.0,15,7.13,0,2023-08-01 16:00:00
20230803,1690992000000,7.08,7.17,7.08,7.13,231115,164860490.00000003,0.0,15,7.11,0,2023-08-02 16:00:00
20230804,1691078400000,7.13,7.17,7.08,7.1,298972,212946437.00000003,0.0,15,7.13,0,2023-08-03 16:00:00
20230807,1691337600000,7.16,7.18,7.09,7.12,259731,185010302.0,0.0,15,7.1,0,2023-08-06 16:00:00
20230808,1691424000000,7.12,7.140000000000001,6.95,7.03,298096,209235543.0,0.0,15,7.12,0,2023-08-07 16:00:00
20230809,1691510400000,6.970000000000001,6.98,6.8500000000000005,6.880000000000001,268273,185310595.0,0.0,15,7.03,0,2023-08-08 16:00:00
20230810,1691596800000,6.8500000000000005,6.99,6.8500000000000005,6.930000000000001,191539,132384446.00000001,0.0,15,6.880000000000001,0,2023-08-09 16:00:00
20230811,1691683200000,6.91,6.92,6.67,6.67,321987,217297467.0,0.0,15,6.93,0,2023-08-10 16:00:00
20230814,1691942400000,6.630000000000001,6.720000000000001,6.6000000000000005,6.720000000000001,156213,104137047.00000001,0.0,15,6.670000000000001,0,2023-08-13 16:00:00
20230815,1692028800000,6.7,6.75,6.61,6.7,142204,95041716.99999999,0.0,15,6.720000000000001,0,2023-08-14 16:00:00
20230816,1692115200000,6.66,6.71,6.63,6.67,100427,67047176.0,0.0,15,6.7,0,2023-08-15 16:00:00
20230817,1692201600000,6.66,6.720000000000001,6.5600000000000005,6.710000000000001,109128,72562110.99999999,0.0,15,6.670000000000001,0,2023-08-16 16:00:00
20230818,1692288000000,6.6899999999999995,6.72,6.55,6.56,152264,100710755.00000001,0.0,15,6.71,0,2023-08-17 16:00:00
20230821,1692547200000,6.56,6.61,6.5,6.52,133562,87530064.0,0.0,15,6.56,0,2023-08-20 16:00:00
20230822,1692633600000,6.540000000000001,6.61,6.3500000000000005,6.500000000000001,220902,142853974.99999997,0.0,15,6.5200000000000005,0,2023-08-21 16:00:00
20230823,1692720000000,6.489999999999999,6.56,6.43,6.46,125954,81711848.0,0.0,15,6.5,0,2023-08-22 16:00:00
20230824,1692806400000,6.500000000000001,6.53,6.3500000000000005,6.53,207998,134219094.0,0.0,15,6.460000000000001,0,2023-08-23 16:00:00
20230825,1692892800000,6.5200000000000005,6.7700000000000005,6.49,6.5200000000000005,380612,251742522.0,0.0,15,6.53,0,2023-08-24 16:00:00
20230828,1693152000000,6.7700000000000005,6.79,6.49,6.53,348222,230204942.00000003,0.0,15,6.5200000000000005,0,2023-08-27 16:00:00
20230829,1693238400000,6.53,6.57,6.45,6.55,281905,183791219.0,0.0,15,6.53,0,2023-08-28 16:00:00
20230830,1693324800000,6.53,6.55,6.41,6.46,271300,175538592.0,0.0,15,6.55,0,2023-08-29 16:00:00
20230831,1693411200000,6.38,6.46,6.36,6.41,147977,94743356.0,0.0,15,6.46,0,2023-08-30 16:00:00
20230901,1693497600000,6.44,6.46,6.4,6.430000000000001,117609,75577115.0,0.0,15,6.41,0,2023-08-31 16:00:00
20230904,1693756800000,6.4399999999999995,6.5,6.42,6.5,185645,120006069.00000001,0.0,15,6.43,0,2023-09-03 16:00:00
20230905,1693843200000,6.5,6.53,6.45,6.53,147467,95566041.00000001,0.0,15,6.5,0,2023-09-04 16:00:00
20230906,1693929600000,6.52,6.53,6.46,6.49,128967,83648672.0,0.0,15,6.53,0,2023-09-05 16:00:00
20230907,1694016000000,6.47,6.57,6.45,6.46,220196,143415335.0,0.0,15,6.49,0,2023-09-06 16:00:00
20230908,1694102400000,6.43,6.49,6.41,6.44,124699,80270714.0,0.0,15,6.46,0,2023-09-07 16:00:00
20230911,1694361600000,6.4399999999999995,6.59,6.43,6.58,250888,163721813.0,0.0,15,6.4399999999999995,0,2023-09-10 16:00:00
20230912,1694448000000,6.56,6.72,6.55,6.62,264559,175557876.0,0.0,15,6.58,0,2023-09-11 16:00:00
20230913,1694534400000,6.62,6.62,6.49,6.5200000000000005,176294,115330737.0,0.0,15,6.62,0,2023-09-12 16:00:00
20230914,1694620800000,6.52,6.54,6.46,6.49,110449,71627972.0,0.0,15,6.52,0,2023-09-13 16:00:00
20230915,1694707200000,6.5200000000000005,6.57,6.49,6.53,136192,89013923.0,0.0,15,6.49,0,2023-09-14 16:00:00
20230918,1694966400000,6.49,6.5200000000000005,6.45,6.5,161637,104699394.00000001,0.0,15,6.53,0,2023-09-17 16:00:00
20230919,1695052800000,6.5,6.6000000000000005,6.49,6.55,186376,121962054.0,0.0,15,6.5,0,2023-09-18 16:00:00
20230920,1695139200000,6.550000000000001,6.630000000000001,6.5200000000000005,6.5600000000000005,174904,115172842.0,0.0,15,6.550000000000001,0,2023-09-19 16:00:00
20230921,1695225600000,6.54,6.54,6.41,6.41,241657,155857606.0,0.0,15,6.5600000000000005,0,2023-09-20 16:00:00
20230922,1695312000000,6.4,6.48,6.390000000000001,6.48,107061,69008824.00000001,0.0,15,6.41,0,2023-09-21 16:00:00
20230925,1695571200000,6.46,6.52,6.43,6.449999999999999,151541,98226627.0,0.0,15,6.4799999999999995,0,2023-09-24 16:00:00
20230926,1695657600000,6.43,6.46,6.41,6.45,85001,54718569.0,0.0,15,6.45,0,2023-09-25 16:00:00
20230927,1695744000000,6.44,6.470000000000001,6.4,6.430000000000001,112975,72785669.0,0.0,15,6.45,0,2023-09-26 16:00:00
20230928,1695830400000,6.44,6.45,6.24,6.37,212457,134908990.0,0.0,15,6.430000000000001,0,2023-09-27 16:00:00
20231009,1696780800000,6.32,6.32,6.19,6.23,192726,120046041.0,0.0,15,6.37,0,2023-10-08 16:00:00
20231010,1696867200000,6.2299999999999995,6.34,6.22,6.279999999999999,205563,129415710.00000001,0.0,15,6.2299999999999995,0,2023-10-09 16:00:00
20231011,1696953600000,6.3,6.35,6.25,6.27,124742,78424803.0,0.0,15,6.28,0,2023-10-10 16:00:00
20231012,1697040000000,6.28,6.4,6.24,6.36,165668,104858310.0,0.0,15,6.2700000000000005,0,2023-10-11 16:00:00
20231013,1697126400000,6.34,6.36,6.29,6.33,109174,69064297.0,0.0,15,6.36,0,2023-10-12 16:00:00
20231016,1697385600000,6.37,6.49,6.28,6.42,221664,142280488.99999997,0.0,15,6.33,0,2023-10-15 16:00:00
20231017,1697472000000,6.42,6.470000000000001,6.36,6.430000000000001,133394,85722083.0,0.0,15,6.42,0,2023-10-16 16:00:00
20231018,1697558400000,6.42,6.49,6.34,6.34,109416,70133749.0,0.0,15,6.43,0,2023-10-17 16:00:00
20231019,1697644800000,6.32,6.32,6.04,6.06,287520,176644978.0,0.0,15,6.34,0,2023-10-18 16:00:00
20231020,1697731200000,6.03,6.07,5.94,6.0,145025,86973287.0,0.0,15,6.0600000000000005,0,2023-10-19 16:00:00
20231023,1697990400000,5.98,6.180000000000001,5.95,6.0200000000000005,226695,138272352.00000003,0.0,15,6.0,0,2023-10-22 16:00:00
20231024,1698076800000,6.02,6.34,6.0,6.32,360368,223790762.0,0.0,15,6.02,0,2023-10-23 16:00:00
20231025,1698163200000,6.33,6.529999999999999,6.26,6.5,347955,224254659.00000003,0.0,15,6.319999999999999,0,2023-10-24 16:00:00
20231026,1698249600000,6.49,6.7,6.44,6.54,293712,192643983.0,0.0,15,6.5,0,2023-10-25 16:00:00
20231027,1698336000000,6.5,6.75,6.47,6.6899999999999995,353534,234661047.0,0.0,15,6.54,0,2023-10-26 16:00:00
20231030,1698595200000,6.67,7.0,6.65,6.87,496484,341541415.00000006,0.0,15,6.69,0,2023-10-29 16:00:00
20231031,1698681600000,6.78,6.88,6.7,6.73,285747,193287246.0,0.0,15,6.87,0,2023-10-30 16:00:00
20231101,1698768000000,6.7,6.75,6.58,6.69,255591,170165270.0,0.0,15,6.73,0,2023-10-31 16:00:00
20231102,1698854400000,6.65,6.720000000000001,6.5200000000000005,6.54,234388,154513282.0,0.0,15,6.69,0,2023-11-01 16:00:00
20231103,1698940800000,6.54,6.69,6.46,6.61,322650,211736343.0,0.0,15,6.54,0,2023-11-02 16:00:00
20231106,1699200000000,6.590000000000001,6.66,6.3500000000000005,6.430000000000001,559035,359007632.00000006,0.0,15,6.61,0,2023-11-05 16:00:00
20231107,1699286400000,6.42,6.510000000000001,6.28,6.44,428049,273177854.0,0.0,15,6.430000000000001,0,2023-11-06 16:00:00
20231108,1699372800000,6.45,6.460000000000001,6.3500000000000005,6.390000000000001,223998,143025384.0,0.0,15,6.44,0,2023-11-07 16:00:00
20231109,1699459200000,6.390000000000001,6.45,6.36,6.38,168198,107701213.0,0.0,15,6.390000000000001,0,2023-11-08 16:00:00
20231110,1699545600000,6.36,6.41,6.33,6.39,148701,94793859.0,0.0,15,6.38,0,2023-11-09 16:00:00
20231113,1699804800000,6.38,6.45,6.32,6.430000000000001,199604,127371389.0,0.0,15,6.390000000000001,0,2023-11-12 16:00:00
20231114,1699891200000,6.41,6.58,6.38,6.58,351953,229664265.0,0.0,15,6.43,0,2023-11-13 16:00:00
20231115,1699977600000,6.56,6.609999999999999,6.51,6.54,249230,163139020.00000003,0.0,15,6.58,0,2023-11-14 16:00:00
20231116,1700064000000,6.5200000000000005,6.640000000000001,6.48,6.49,226283,148169172.0,0.0,15,6.54,0,2023-11-15 16:00:00
20231117,1700150400000,6.47,6.49,6.38,6.3999999999999995,186645,119799893.0,0.0,15,6.49,0,2023-11-16 16:00:00
20231120,1700409600000,6.42,6.640000000000001,6.4,6.62,461279,302420794.0,0.0,15,6.4,0,2023-11-19 16:00:00
20231121,1700496000000,6.62,6.66,6.5,6.56,337990,222556536.0,0.0,15,6.62,0,2023-11-20 16:00:00
20231122,1700582400000,6.5200000000000005,6.74,6.5200000000000005,6.590000000000001,372132,246969768.0,0.0,15,6.5600000000000005,0,2023-11-21 16:00:00
20231123,1700668800000,6.5600000000000005,6.720000000000001,6.5600000000000005,6.680000000000001,317576,211552029.0,0.0,15,6.590000000000001,0,2023-11-22 16:00:00
20231124,1700755200000,6.7,6.86,6.66,6.76,493024,335145904.99999994,0.0,15,6.68,0,2023-11-23 16:00:00
20231127,1701014400000,6.779999999999999,6.95,6.76,6.859999999999999,510997,349880252.00000006,0.0,15,6.76,0,2023-11-26 16:00:00
20231128,1701100800000,6.8,6.89,6.68,6.6899999999999995,367520,247680896.0,0.0,15,6.859999999999999,0,2023-11-27 16:00:00
20231129,1701187200000,6.71,6.77,6.63,6.7299999999999995,247003,165934748.0,0.0,15,6.6899999999999995,0,2023-11-28 16:00:00
20231130,1701273600000,6.710000000000001,6.7700000000000005,6.640000000000001,6.720000000000001,158897,106403767.0,0.0,15,6.73,0,2023-11-29 16:00:00
20231201,1701360000000,6.720000000000001,6.78,6.65,6.71,246357,165185662.00000003,0.0,15,6.720000000000001,0,2023-11-30 16:00:00
20231204,1701619200000,6.69,7.07,6.65,7.0,775802,538130630.0,0.0,15,6.71,0,2023-12-03 16:00:00
20231205,1701705600000,7.03,7.140000000000001,6.87,6.88,706791,497574135.0,0.0,15,7.0,0,2023-12-04 16:00:00
20231206,1701792000000,6.92,7.35,6.8,7.3,909929,651019824.0,0.0,15,6.88,0,2023-12-05 16:00:00
20231207,1701878400000,7.28,7.6,7.21,7.45,842300,627678777.0,0.0,15,7.3,0,2023-12-06 16:00:00
20231208,1701964800000,7.45,7.53,7.2700000000000005,7.4,796934,589025501.0,0.0,15,7.45,0,2023-12-07 16:00:00
20231211,1702224000000,7.38,7.6,7.17,7.53,563124,420854538.0,0.0,15,7.4,0,2023-12-10 16:00:00
20231212,1702310400000,7.510000000000001,7.5600000000000005,7.4,7.470000000000001,284428,212705504.0,0.0,15,7.53,0,2023-12-11 16:00:00
20231213,1702396800000,7.46,7.49,7.15,7.180000000000001,567859,412442319.0,0.0,15,7.470000000000001,0,2023-12-12 16:00:00
20231214,1702483200000,7.16,7.25,6.94,7.140000000000001,435528,309685266.0,0.0,15,7.180000000000001,0,2023-12-13 16:00:00
20231215,1702569600000,7.16,7.31,7.05,7.1499999999999995,273918,196486075.0,0.0,15,7.14,0,2023-12-14 16:00:00
20231218,1702828800000,7.199999999999999,7.529999999999999,7.18,7.239999999999999,389508,284675129.0,0.0,15,7.1499999999999995,0,2023-12-17 16:00:00
20231219,1702915200000,7.2299999999999995,7.4,7.13,7.2,262024,189411609.0,0.0,15,7.24,0,2023-12-18 16:00:00
20231220,1703001600000,7.2,7.2299999999999995,7.09,7.14,193898,138694080.0,0.0,15,7.2,0,2023-12-19 16:00:00
20231221,1703088000000,7.08,7.21,6.96,7.15,303627,214611556.0,0.0,15,7.14,0,2023-12-20 16:00:00
20231222,1703174400000,7.16,7.260000000000001,7.07,7.12,213154,152345607.0,0.0,15,7.15,0,2023-12-21 16:00:00
20231225,1703433600000,7.109999999999999,7.17,6.97,7.1,215513,152492267.00000003,0.0,15,7.12,0,2023-12-24 16:00:00
20231226,1703520000000,7.1000000000000005,7.15,7.0200000000000005,7.07,336547,238516015.0,0.0,15,7.1000000000000005,0,2023-12-25 16:00:00
20231227,1703606400000,7.1000000000000005,7.6000000000000005,7.03,7.58,593482,438351192.0,0.0,15,7.07,0,2023-12-26 16:00:00
20231228,1703692800000,7.58,7.680000000000001,7.4,7.430000000000001,447990,334988437.00000006,0.0,15,7.58,0,2023-12-27 16:00:00
20231229,1703779200000,7.42,7.7,7.24,7.5,586824,438144813.99999994,0.0,15,7.430000000000001,0,2023-12-28 16:00:00
