date,time,open,high,low,close,volume,amount,settelementPrice,openInterest,preClose,suspendFlag,datetime
20250102,1735747200000,5.69,5.760000000000001,5.53,5.59,116035,65702738.00000001,0.0,15,5.66,0,2025-01-01 16:00:00
20250103,1735833600000,5.65,5.67,5.37,5.39,104646,57180158.0,0.0,15,5.59,0,2025-01-02 16:00:00
20250106,1736092800000,5.34,5.41,5.17,5.35,92378,48957655.0,0.0,15,5.39,0,2025-01-05 16:00:00
20250107,1736179200000,5.38,5.470000000000001,5.32,5.470000000000001,71783,38784928.00000001,0.0,15,5.3500000000000005,0,2025-01-06 16:00:00
20250108,1736265600000,5.44,5.53,5.24,5.430000000000001,73879,39942211.99999999,0.0,15,5.470000000000001,0,2025-01-07 16:00:00
20250109,1736352000000,5.44,5.53,5.41,5.46,53880,29464211.999999996,0.0,15,5.43,0,2025-01-08 16:00:00
20250110,1736438400000,5.470000000000001,5.49,5.23,5.24,62255,33343925.000000004,0.0,15,5.460000000000001,0,2025-01-09 16:00:00
20250113,1736697600000,5.21,5.380000000000001,5.11,5.340000000000001,74667,39341080.99999999,0.0,15,5.24,0,2025-01-12 16:00:00
20250114,1736784000000,5.359999999999999,5.6899999999999995,5.34,5.6,92752,51427246.0,0.0,15,5.34,0,2025-01-13 16:00:00
20250115,1736870400000,5.63,5.6899999999999995,5.55,5.6,67481,37869551.0,0.0,15,5.6,0,2025-01-14 16:00:00
20250116,1736956800000,5.63,5.720000000000001,5.57,5.640000000000001,65746,37139668.0,0.0,15,5.6000000000000005,0,2025-01-15 16:00:00
20250117,1737043200000,5.62,5.670000000000001,5.5600000000000005,5.6000000000000005,51342,28730305.999999996,0.0,15,5.640000000000001,0,2025-01-16 16:00:00
20250120,1737302400000,5.62,5.73,5.53,5.71,61321,34723992.0,0.0,15,5.6000000000000005,0,2025-01-19 16:00:00
20250121,1737388800000,5.75,5.75,5.58,5.62,50454,28487024.0,0.0,15,5.71,0,2025-01-20 16:00:00
20250122,1737475200000,5.6,5.64,5.5,5.54,55186,30654289.0,0.0,15,5.62,0,2025-01-21 16:00:00
20250123,1737561600000,5.62,5.75,5.58,5.59,74908,42423394.0,0.0,15,5.54,0,2025-01-22 16:00:00
20250124,1737648000000,5.6000000000000005,5.62,5.48,5.550000000000001,69644,38511216.0,0.0,15,5.590000000000001,0,2025-01-23 16:00:00
20250127,1737907200000,5.6000000000000005,5.7,5.5200000000000005,5.5600000000000005,55410,31063633.0,0.0,15,5.550000000000001,0,2025-01-26 16:00:00
20250205,1738684800000,5.56,5.6499999999999995,5.51,5.64,49658,27819757.0,0.0,15,5.56,0,2025-02-04 16:00:00
20250206,1738771200000,5.630000000000001,5.710000000000001,5.5200000000000005,5.7,57963,32606390.0,0.0,15,5.640000000000001,0,2025-02-05 16:00:00
20250207,1738857600000,5.71,5.83,5.65,5.71,92530,53235250.00000001,0.0,15,5.7,0,2025-02-06 16:00:00
20250210,1739116800000,5.76,5.87,5.71,5.87,76994,44660359.0,0.0,15,5.71,0,2025-02-09 16:00:00
20250211,1739203200000,5.87,5.9,5.74,5.79,60261,34840091.0,0.0,15,5.87,0,2025-02-10 16:00:00
20250212,1739289600000,5.8,5.85,5.75,5.83,53367,30960315.0,0.0,15,5.79,0,2025-02-11 16:00:00
20250213,1739376000000,5.819999999999999,5.84,5.72,5.7299999999999995,51268,29533634.000000004,0.0,15,5.83,0,2025-02-12 16:00:00
20250214,1739462400000,5.7299999999999995,5.779999999999999,5.68,5.699999999999999,50226,28721940.999999996,0.0,15,5.7299999999999995,0,2025-02-13 16:00:00
20250217,1739721600000,5.6899999999999995,5.91,5.68,5.87,87448,51045274.0,0.0,15,5.699999999999999,0,2025-02-16 16:00:00
20250218,1739808000000,5.87,5.97,5.71,5.74,74206,43338823.00000001,0.0,15,5.87,0,2025-02-17 16:00:00
20250219,1739894400000,5.72,5.84,5.71,5.79,50227,29081844.000000004,0.0,15,5.74,0,2025-02-18 16:00:00
20250220,1739980800000,5.819999999999999,5.819999999999999,5.72,5.81,40796,23570778.0,0.0,15,5.79,0,2025-02-19 16:00:00
20250221,1740067200000,5.800000000000001,5.840000000000001,5.69,5.760000000000001,67249,38582490.0,0.0,15,5.8100000000000005,0,2025-02-20 16:00:00
20250224,1740326400000,5.74,5.96,5.74,5.9,93312,54718669.0,0.0,15,5.76,0,2025-02-23 16:00:00
20250225,1740412800000,5.890000000000001,5.91,5.8100000000000005,5.83,56851,33254107.0,0.0,15,5.9,0,2025-02-24 16:00:00
20250226,1740499200000,5.83,5.93,5.83,5.88,61686,36261041.0,0.0,15,5.83,0,2025-02-25 16:00:00
20250227,1740585600000,5.88,5.91,5.7,5.8,73445,42472290.00000001,0.0,15,5.88,0,2025-02-26 16:00:00
20250228,1740672000000,5.800000000000001,5.800000000000001,5.61,5.63,67872,38528155.0,0.0,15,5.800000000000001,0,2025-02-27 16:00:00
20250303,1740931200000,5.66,5.7700000000000005,5.6000000000000005,5.680000000000001,61876,35320932.0,0.0,15,5.630000000000001,0,2025-03-02 16:00:00
20250304,1741017600000,5.65,5.78,5.65,5.7700000000000005,50541,28969603.000000004,0.0,15,5.680000000000001,0,2025-03-03 16:00:00
20250305,1741104000000,5.77,5.77,5.59,5.7,66473,37575401.0,0.0,15,5.77,0,2025-03-04 16:00:00
20250306,1741190400000,5.69,5.8,5.66,5.79,70086,40293314.0,0.0,15,5.7,0,2025-03-05 16:00:00
20250307,1741276800000,5.81,5.81,5.71,5.75,44167,25420528.0,0.0,15,5.79,0,2025-03-06 16:00:00
20250310,1741536000000,5.77,5.92,5.76,5.819999999999999,79641,46474504.0,0.0,15,5.75,0,2025-03-09 16:00:00
20250311,1741622400000,5.76,5.859999999999999,5.72,5.83,50572,29307693.0,0.0,15,5.819999999999999,0,2025-03-10 16:00:00
20250312,1741708800000,5.82,5.88,5.79,5.82,62384,36327256.0,0.0,15,5.83,0,2025-03-11 16:00:00
20250313,1741795200000,5.82,5.83,5.66,5.76,69734,39907634.0,0.0,15,5.82,0,2025-03-12 16:00:00
20250314,1741881600000,5.77,5.92,5.72,5.91,98419,57619631.00000001,0.0,15,5.76,0,2025-03-13 16:00:00
20250317,1742140800000,5.93,6.699999999999999,5.93,6.55,350572,223022474.0,0.0,15,5.91,0,2025-03-16 16:00:00
20250318,1742227200000,6.44,6.59,6.37,6.41,243067,156508154.0,0.0,15,6.55,0,2025-03-17 16:00:00
20250319,1742313600000,6.3999999999999995,6.41,6.22,6.26,109573,68683545.0,0.0,15,6.41,0,2025-03-18 16:00:00
20250320,1742400000000,6.26,6.7299999999999995,6.18,6.489999999999999,263867,171023896.0,0.0,15,6.26,0,2025-03-19 16:00:00
20250321,1742486400000,6.39,6.96,6.37,6.78,238637,158216236.0,0.0,15,6.49,0,2025-03-20 16:00:00
20250324,1742745600000,6.7,7.380000000000001,6.69,6.86,292248,203377469.0,0.0,15,6.78,0,2025-03-23 16:00:00
20250325,1742832000000,6.75,7.12,6.58,6.91,215273,147548998.0,0.0,15,6.86,0,2025-03-24 16:00:00
20250326,1742918400000,6.91,7.090000000000001,6.640000000000001,6.680000000000001,169339,114877748.00000001,0.0,15,6.91,0,2025-03-25 16:00:00
20250327,1743004800000,6.61,6.670000000000001,6.44,6.470000000000001,131264,85615719.0,0.0,15,6.680000000000001,0,2025-03-26 16:00:00
20250328,1743091200000,6.49,6.95,6.45,6.51,119950,79300695.0,0.0,15,6.47,0,2025-03-27 16:00:00
20250331,1743350400000,6.42,6.5,6.22,6.35,102705,65083121.99999999,0.0,15,6.51,0,2025-03-30 16:00:00
20250401,1743436800000,6.390000000000001,6.54,6.36,6.470000000000001,76274,49251300.0,0.0,15,6.3500000000000005,0,2025-03-31 16:00:00
20250402,1743523200000,6.390000000000001,6.6000000000000005,6.390000000000001,6.550000000000001,75305,49021772.00000001,0.0,15,6.470000000000001,0,2025-04-01 16:00:00
20250403,1743609600000,6.44,6.57,6.37,6.48,62004,40116726.0,0.0,15,6.55,0,2025-04-02 16:00:00
20250407,1743955200000,6.02,6.199999999999999,5.18,5.2299999999999995,159048,88868492.0,0.0,15,6.4799999999999995,0,2025-04-06 16:00:00
20250408,1744041600000,5.3,5.7,5.29,5.55,130596,72417940.0,0.0,15,5.23,0,2025-04-07 16:00:00
20250409,1744128000000,5.510000000000001,5.75,5.11,5.67,124909,68155208.99999999,0.0,15,5.550000000000001,0,2025-04-08 16:00:00
20250410,1744214400000,5.7700000000000005,5.970000000000001,5.7700000000000005,5.840000000000001,91792,53896214.00000001,0.0,15,5.670000000000001,0,2025-04-09 16:00:00
20250411,1744300800000,5.84,5.93,5.76,5.77,63449,36906146.0,0.0,15,5.84,0,2025-04-10 16:00:00
20250414,1744560000000,5.99,6.0,5.87,5.92,76100,45153292.0,0.0,15,5.7700000000000005,0,2025-04-13 16:00:00
20250415,1744646400000,5.930000000000001,5.970000000000001,5.8500000000000005,5.95,54420,32209772.000000004,0.0,15,5.920000000000001,0,2025-04-14 16:00:00
20250416,1744732800000,5.94,5.970000000000001,5.74,5.8500000000000005,58846,34468951.0,0.0,15,5.95,0,2025-04-15 16:00:00
20250417,1744819200000,5.84,5.98,5.78,5.88,54632,32339251.000000004,0.0,15,5.8500000000000005,0,2025-04-16 16:00:00
20250418,1744905600000,5.86,5.89,5.71,5.85,59429,34432144.99999999,0.0,15,5.88,0,2025-04-17 16:00:00
20250421,1745164800000,5.78,5.88,5.7,5.87,45411,26528719.0,0.0,15,5.8500000000000005,0,2025-04-20 16:00:00
20250422,1745251200000,5.8500000000000005,5.920000000000001,5.7700000000000005,5.82,56271,32873820.000000004,0.0,15,5.87,0,2025-04-21 16:00:00
20250423,1745337600000,5.8500000000000005,5.88,5.66,5.7,95628,54715606.0,0.0,15,5.82,0,2025-04-22 16:00:00
20250424,1745424000000,5.7,5.74,5.6000000000000005,5.640000000000001,55455,31396293.000000004,0.0,15,5.7,0,2025-04-23 16:00:00
20250425,1745510400000,5.65,5.73,5.61,5.680000000000001,42833,24346970.0,0.0,15,5.640000000000001,0,2025-04-24 16:00:00
20250428,1745769600000,5.71,5.73,5.5,5.53,50656,28173046.0,0.0,15,5.68,0,2025-04-27 16:00:00
20250429,1745856000000,5.5,5.760000000000001,5.48,5.680000000000001,53907,30490137.000000004,0.0,15,5.53,0,2025-04-28 16:00:00
20250430,1745942400000,5.78,5.79,5.69,5.720000000000001,41460,23814699.0,0.0,15,5.680000000000001,0,2025-04-29 16:00:00
20250506,1746460800000,5.79,5.859999999999999,5.76,5.84,42491,24768160.000000004,0.0,15,5.72,0,2025-05-05 16:00:00
20250507,1746547200000,5.9,5.94,5.8100000000000005,5.86,57426,33818775.0,0.0,15,5.840000000000001,0,2025-05-06 16:00:00
20250508,1746633600000,5.8500000000000005,6.140000000000001,5.82,6.08,105600,63448264.0,0.0,15,5.86,0,2025-05-07 16:00:00
20250509,1746720000000,6.08,6.38,6.03,6.23,156190,97362353.0,0.0,15,6.08,0,2025-05-08 16:00:00
20250512,1746979200000,6.27,6.3,6.18,6.239999999999999,84357,52486554.00000001,0.0,15,6.2299999999999995,0,2025-05-11 16:00:00
20250513,1747065600000,6.250000000000001,6.28,6.1000000000000005,6.12,66425,40901838.0,0.0,15,6.24,0,2025-05-12 16:00:00
20250514,1747152000000,6.12,6.16,6.03,6.12,51488,31374893.0,0.0,15,6.12,0,2025-05-13 16:00:00
20250515,1747238400000,6.090000000000001,6.140000000000001,6.0200000000000005,6.0600000000000005,39113,23732821.0,0.0,15,6.12,0,2025-05-14 16:00:00
20250516,1747324800000,6.0600000000000005,6.1000000000000005,6.0200000000000005,6.0600000000000005,46420,28138746.999999996,0.0,15,6.0600000000000005,0,2025-05-15 16:00:00
20250519,1747584000000,6.1000000000000005,6.24,6.0600000000000005,6.180000000000001,68146,41982026.00000001,0.0,15,6.0600000000000005,0,2025-05-18 16:00:00
20250520,1747670400000,6.19,6.23,6.12,6.18,34225,21095440.0,0.0,15,6.18,0,2025-05-19 16:00:00
20250521,1747756800000,6.16,6.2,6.07,6.12,47526,29084708.0,0.0,15,6.180000000000001,0,2025-05-20 16:00:00
20250522,1747843200000,6.1000000000000005,6.170000000000001,5.98,5.99,52064,31475944.0,0.0,15,6.12,0,2025-05-21 16:00:00
20250523,1747929600000,6.0,6.0600000000000005,5.95,5.95,42368,25469477.0,0.0,15,5.99,0,2025-05-22 16:00:00
20250526,1748188800000,5.96,6.05,5.93,6.01,27593,16555570.0,0.0,15,5.949999999999999,0,2025-05-25 16:00:00
20250527,1748275200000,5.9799999999999995,6.14,5.96,6.13,48743,29501402.0,0.0,15,6.01,0,2025-05-26 16:00:00
20250528,1748361600000,6.130000000000001,6.420000000000001,6.1000000000000005,6.19,95565,59740988.99999999,0.0,15,6.130000000000001,0,2025-05-27 16:00:00
20250529,1748448000000,6.18,6.28,6.13,6.25,76281,47583107.0,0.0,15,6.1899999999999995,0,2025-05-28 16:00:00
20250530,1748534400000,6.25,6.37,6.09,6.1499999999999995,57808,35783705.00000001,0.0,15,6.25,0,2025-05-29 16:00:00
20250603,1748880000000,6.07,6.2,6.07,6.17,45152,27700151.0,0.0,15,6.15,0,2025-06-02 16:00:00
20250604,1748966400000,6.170000000000001,6.210000000000001,6.140000000000001,6.19,42993,26548856.0,0.0,15,6.170000000000001,0,2025-06-03 16:00:00
20250605,1749052800000,6.2,6.24,6.12,6.18,38609,23827348.0,0.0,15,6.19,0,2025-06-04 16:00:00
20250606,1749139200000,6.1899999999999995,6.2299999999999995,6.13,6.21,37354,23119171.0,0.0,15,6.18,0,2025-06-05 16:00:00
20250609,1749398400000,6.19,6.41,6.16,6.33,90773,57026521.0,0.0,15,6.21,0,2025-06-08 16:00:00
20250610,1749484800000,6.34,6.34,6.2,6.29,66652,41731020.99999999,0.0,15,6.33,0,2025-06-09 16:00:00
20250611,1749571200000,6.29,6.37,6.26,6.3,48231,30423100.0,0.0,15,6.29,0,2025-06-10 16:00:00
20250612,1749657600000,6.32,6.32,6.23,6.29,41732,26152026.0,0.0,15,6.300000000000001,0,2025-06-11 16:00:00
20250613,1749744000000,6.28,6.5600000000000005,6.2,6.32,145350,92773503.0,0.0,15,6.29,0,2025-06-12 16:00:00
20250616,1750003200000,6.2700000000000005,6.6000000000000005,6.2700000000000005,6.58,166665,108460806.00000001,0.0,15,6.32,0,2025-06-15 16:00:00
20250617,1750089600000,6.5600000000000005,6.6000000000000005,6.44,6.48,81721,52976156.0,0.0,15,6.58,0,2025-06-16 16:00:00
20250618,1750176000000,6.4799999999999995,6.74,6.42,6.66,135947,89773171.0,0.0,15,6.4799999999999995,0,2025-06-17 16:00:00
20250619,1750262400000,6.640000000000001,6.65,6.49,6.54,79426,52000412.0,0.0,15,6.66,0,2025-06-18 16:00:00
20250620,1750348800000,6.49,6.55,6.29,6.31,68547,43811796.00000001,0.0,15,6.54,0,2025-06-19 16:00:00
20250623,1750608000000,6.25,6.55,6.22,6.529999999999999,72325,46633929.0,0.0,15,6.31,0,2025-06-22 16:00:00
20250624,1750694400000,6.510000000000001,6.58,6.44,6.49,53569,34713058.00000001,0.0,15,6.53,0,2025-06-23 16:00:00
20250625,1750780800000,6.5200000000000005,6.580000000000001,6.390000000000001,6.49,63834,41214090.00000001,0.0,15,6.49,0,2025-06-24 16:00:00
20250626,1750867200000,6.47,6.54,6.43,6.47,40896,26478411.000000004,0.0,15,6.489999999999999,0,2025-06-25 16:00:00
20250627,1750953600000,6.5200000000000005,6.880000000000001,6.5200000000000005,6.7,127551,85154531.0,0.0,15,6.470000000000001,0,2025-06-26 16:00:00
20250630,1751212800000,6.69,6.76,6.62,6.68,78946,52868061.0,0.0,15,6.7,0,2025-06-29 16:00:00
20250701,1751299200000,6.66,6.6899999999999995,6.55,6.63,55925,36898458.0,0.0,15,6.68,0,2025-06-30 16:00:00
20250702,1751385600000,6.63,6.72,6.58,6.66,66849,44409488.0,0.0,15,6.63,0,2025-07-01 16:00:00
20250703,1751472000000,6.66,6.7,6.59,6.7,52792,35128998.0,0.0,15,6.66,0,2025-07-02 16:00:00
20250704,1751558400000,6.7,6.750000000000001,6.5600000000000005,6.57,48657,32305133.0,0.0,15,6.7,0,2025-07-03 16:00:00
20250707,1751817600000,6.540000000000001,6.57,6.3500000000000005,6.420000000000001,111125,71675333.0,0.0,15,6.57,0,2025-07-06 16:00:00
20250708,1751904000000,6.420000000000001,6.49,6.2700000000000005,6.36,117228,74321339.0,0.0,15,6.390000000000001,0,2025-07-07 16:00:00
20250709,1751990400000,6.33,6.48,6.33,6.41,90221,57717665.0,0.0,15,6.36,0,2025-07-08 16:00:00
20250710,1752076800000,6.38,6.43,6.33,6.41,65941,42110866.0,0.0,15,6.41,0,2025-07-09 16:00:00
20250711,1752163200000,6.430000000000001,6.45,6.2700000000000005,6.3500000000000005,78440,49775110.0,0.0,15,6.41,0,2025-07-10 16:00:00
20250714,1752422400000,6.359999999999999,6.3999999999999995,6.34,6.3999999999999995,70273,44796055.0,0.0,15,6.35,0,2025-07-13 16:00:00
20250715,1752508800000,6.380000000000001,6.4,6.19,6.260000000000001,77026,48288586.0,0.0,15,6.4,0,2025-07-14 16:00:00
20250716,1752595200000,6.260000000000001,6.32,6.23,6.29,56346,35395909.0,0.0,15,6.260000000000001,0,2025-07-15 16:00:00
20250717,1752681600000,6.29,6.41,6.2700000000000005,6.3500000000000005,61751,39061112.0,0.0,15,6.29,0,2025-07-16 16:00:00
20250718,1752768000000,6.36,6.4,6.3100000000000005,6.36,43510,27636086.000000004,0.0,15,6.3500000000000005,0,2025-07-17 16:00:00
20250721,1753027200000,6.45,6.7,6.390000000000001,6.590000000000001,137757,90557376.99999999,0.0,15,6.36,0,2025-07-20 16:00:00
20250722,1753113600000,6.57,6.61,6.4,6.53,97408,63292016.00000001,0.0,15,6.590000000000001,0,2025-07-21 16:00:00
20250723,1753200000000,6.53,6.62,6.49,6.49,75242,49235961.0,0.0,15,6.53,0,2025-07-22 16:00:00
20250724,1753286400000,6.47,6.55,6.47,6.51,58963,38365229.0,0.0,15,6.489999999999999,0,2025-07-23 16:00:00
20250725,1753372800000,6.5200000000000005,6.640000000000001,6.45,6.55,79508,51889761.00000001,0.0,15,6.51,0,2025-07-24 16:00:00
20250728,1753632000000,6.57,6.58,6.49,6.55,54839,35837297.0,0.0,15,6.55,0,2025-07-27 16:00:00
20250729,1753718400000,6.5600000000000005,6.5600000000000005,6.390000000000001,6.460000000000001,69079,44532712.0,0.0,15,6.550000000000001,0,2025-07-28 16:00:00
20250730,1753804800000,6.45,6.5,6.36,6.42,64023,41033382.00000001,0.0,15,6.46,0,2025-07-29 16:00:00
20250731,1753891200000,6.43,6.43,6.22,6.239999999999999,78291,49309442.0,0.0,15,6.42,0,2025-07-30 16:00:00
20250801,1753977600000,6.26,6.4,6.25,6.36,61414,38926144.0,0.0,15,6.24,0,2025-07-31 16:00:00
20250804,1754236800000,6.3100000000000005,6.44,6.2700000000000005,6.430000000000001,58014,36994229.99999999,0.0,15,6.36,0,2025-08-03 16:00:00
20250805,1754323200000,6.43,6.52,6.43,6.5,70370,45646363.0,0.0,15,6.43,0,2025-08-04 16:00:00
20250806,1754409600000,6.54,6.54,6.47,6.5,48673,31604615.0,0.0,15,6.5,0,2025-08-05 16:00:00
20250807,1754496000000,6.47,6.529999999999999,6.47,6.4799999999999995,53695,34887224.0,0.0,15,6.5,0,2025-08-06 16:00:00
20250808,1754582400000,6.5,6.58,6.43,6.56,82404,53682636.99999999,0.0,15,6.4799999999999995,0,2025-08-07 16:00:00
20250811,1754841600000,6.56,6.62,6.51,6.59,96555,63486936.0,0.0,15,6.56,0,2025-08-10 16:00:00
20250812,1754928000000,6.590000000000001,6.640000000000001,6.5600000000000005,6.6000000000000005,57251,37713725.0,0.0,15,6.590000000000001,0,2025-08-11 16:00:00
20250813,1755014400000,6.62,6.95,6.5200000000000005,6.83,284039,193395900.0,0.0,15,6.6000000000000005,0,2025-08-12 16:00:00
20250814,1755100800000,6.95,7.26,6.59,6.62,245728,167044214.0,0.0,15,6.83,0,2025-08-13 16:00:00
20250815,1755187200000,6.65,6.95,6.5600000000000005,6.73,245461,165952440.0,0.0,15,6.62,0,2025-08-14 16:00:00
20250818,1755446400000,6.8500000000000005,6.890000000000001,6.7,6.7,150872,101829805.0,0.0,15,6.73,0,2025-08-17 16:00:00
20250819,1755532800000,6.67,6.7,6.53,6.6000000000000005,150856,99343413.99999999,0.0,15,6.7,0,2025-08-18 16:00:00
20250820,1755619200000,6.55,6.63,6.55,6.62,99681,65720156.00000001,0.0,15,6.6,0,2025-08-19 16:00:00
20250821,1755705600000,6.640000000000001,6.65,6.5600000000000005,6.590000000000001,91569,60451260.00000001,0.0,15,6.62,0,2025-08-20 16:00:00
20250822,1755792000000,6.6899999999999995,6.85,6.63,6.67,140708,94518923.0,0.0,15,6.59,0,2025-08-21 16:00:00
20250825,1756051200000,6.7,6.8100000000000005,6.65,6.7,128002,85995488.0,0.0,15,6.67,0,2025-08-24 16:00:00
20250826,1756137600000,6.72,7.25,6.71,7.12,377222,266085176.0,0.0,15,6.7,0,2025-08-25 16:00:00
20250827,1756224000000,7.0600000000000005,7.23,6.83,6.84,227554,159130650.0,0.0,15,7.12,0,2025-08-26 16:00:00
20250828,1756310400000,6.86,6.99,6.7,6.95,182890,125703312.00000001,0.0,15,6.84,0,2025-08-27 16:00:00
20250829,1756396800000,7.0,7.09,6.84,6.85,121189,83712266.0,0.0,15,6.95,0,2025-08-28 16:00:00
20250901,1756656000000,6.86,7.2700000000000005,6.86,7.130000000000001,222426,158773054.00000003,0.0,15,6.8500000000000005,0,2025-08-31 16:00:00
20250902,1756742400000,7.08,7.140000000000001,6.87,7.03,129966,90737077.0,0.0,15,7.13,0,2025-09-01 16:00:00
20250903,1756828800000,7.0,7.140000000000001,6.87,6.91,135473,94937760.0,0.0,15,7.03,0,2025-09-02 16:00:00
20250904,1756915200000,6.92,7.42,6.88,7.2299999999999995,271117,194418558.00000003,0.0,15,6.91,0,2025-09-03 16:00:00
20250905,1757001600000,7.17,7.58,7.13,7.51,258076,191781654.0,0.0,15,7.2299999999999995,0,2025-09-04 16:00:00
20250908,1757260800000,7.63,7.96,7.46,7.86,266547,207168290.00000003,0.0,15,7.51,0,2025-09-07 16:00:00
20250909,1757347200000,7.79,7.99,7.63,7.68,197698,154071249.0,0.0,15,7.86,0,2025-09-08 16:00:00
20250910,1757433600000,7.680000000000001,8.030000000000001,7.65,7.96,222767,176540687.0,0.0,15,7.680000000000001,0,2025-09-09 16:00:00
20250911,1757520000000,7.9,8.35,7.9,8.24,268664,220673173.99999997,0.0,15,7.96,0,2025-09-10 16:00:00
20250912,1757606400000,8.23,8.25,8.02,8.139999999999999,160010,129842589.00000001,0.0,15,8.24,0,2025-09-11 16:00:00
20250915,1757865600000,8.16,8.16,7.7,7.87,225426,176768741.0,0.0,15,8.14,0,2025-09-14 16:00:00
20250916,1757952000000,7.87,8.18,7.8500000000000005,8.07,142232,114384624.0,0.0,15,7.87,0,2025-09-15 16:00:00
20250917,1758038400000,8.07,8.2,7.96,8.18,120207,97158862.0,0.0,15,8.07,0,2025-09-16 16:00:00
20250918,1758124800000,8.16,8.200000000000001,7.8100000000000005,7.880000000000001,159454,127830728.0,0.0,15,8.18,0,2025-09-17 16:00:00
20250919,1758211200000,7.880000000000001,8.02,7.73,7.890000000000001,110116,86577367.0,0.0,15,7.880000000000001,0,2025-09-18 16:00:00
20250922,1758470400000,7.890000000000001,7.98,7.74,7.95,79081,62232297.00000001,0.0,15,7.890000000000001,0,2025-09-21 16:00:00
20250923,1758556800000,7.97,7.97,7.63,7.89,110534,86043912.0,0.0,15,7.95,0,2025-09-22 16:00:00
20250924,1758643200000,7.930000000000001,8.1,7.7700000000000005,8.06,112162,89026823.0,0.0,15,7.890000000000001,0,2025-09-23 16:00:00
20250925,1758729600000,8.05,8.24,7.95,7.96,113685,91696811.0,0.0,15,8.06,0,2025-09-24 16:00:00
20250926,1758816000000,7.98,8.98,7.91,8.86,470912,410566944.0,0.0,15,7.96,0,2025-09-25 16:00:00
20251010,1760025600000,10.63,10.63,9.5,10.63,290548,300962700.0,0.0,15,8.86,0,2025-10-09 16:00:00
20251013,1760284800000,9.99,10.35,9.53,9.85,673804,665310943.0,0.0,15,10.629999999999999,0,2025-10-12 16:00:00
20251014,1760371200000,9.889999999999999,9.95,9.03,9.28,556893,526354994.00000006,0.0,15,9.85,0,2025-10-13 16:00:00
20251015,1760457600000,9.2,9.28,8.83,8.98,395577,354547309.0,0.0,15,9.28,0,2025-10-14 16:00:00
20251016,1760544000000,8.9,8.950000000000001,8.48,8.51,337207,291736559.0,0.0,15,8.98,0,2025-10-15 16:00:00
20251017,1760630400000,8.540000000000001,8.940000000000001,8.4,8.71,401807,349762969.0,0.0,15,8.51,0,2025-10-16 16:00:00
20251020,1760889600000,8.58,8.84,8.42,8.64,356751,307911209.0,0.0,15,8.709999999999999,0,2025-10-19 16:00:00
20251021,1760976000000,8.65,8.75,8.32,8.65,258629,222819996.0,0.0,15,8.64,0,2025-10-20 16:00:00
20251022,1761062400000,8.7,8.93,8.51,8.549999999999999,252900,219671618.0,0.0,15,8.65,0,2025-10-21 16:00:00
20251023,1761148800000,8.56,8.6,8.31,8.38,237740,199707277.0,0.0,15,8.55,0,2025-10-22 16:00:00
20251024,1761235200000,8.350000000000001,8.41,8.22,8.290000000000001,209053,173447286.00000003,0.0,15,8.38,0,2025-10-23 16:00:00
20251027,1761494400000,8.39,8.46,8.33,8.39,154849,129881684.0,0.0,15,8.290000000000001,0,2025-10-26 16:00:00
20251028,1761580800000,8.48,9.21,8.370000000000001,8.97,444337,393233020.0,0.0,15,8.39,0,2025-10-27 16:00:00
20251029,1761667200000,8.71,9.06,8.71,8.99,258390,229492137.0,0.0,15,8.97,0,2025-10-28 16:00:00
20251030,1761753600000,8.930000000000001,9.020000000000001,8.8,8.870000000000001,184571,163877687.0,0.0,15,8.99,0,2025-10-29 16:00:00
20251031,1761840000000,8.91,9.1,8.85,8.93,149358,133736009.99999999,0.0,15,8.87,0,2025-10-30 16:00:00
20251103,1762099200000,8.9,9.940000000000001,8.9,9.58,450890,433624519.00000006,0.0,15,8.93,0,2025-11-02 16:00:00
20251104,1762185600000,9.68,9.68,9.14,9.200000000000001,266088,248522749.0,0.0,15,9.58,0,2025-11-03 16:00:00
20251105,1762272000000,9.11,9.26,8.99,9.19,158706,145293187.0,0.0,15,9.200000000000001,0,2025-11-04 16:00:00
20251106,1762358400000,9.23,9.26,8.98,9.05,163279,147790911.0,0.0,15,9.190000000000001,0,2025-11-05 16:00:00
20251107,1762444800000,8.99,9.06,8.9,8.92,130544,117012485.0,0.0,15,9.05,0,2025-11-06 16:00:00
20251110,1762704000000,8.93,9.19,8.91,9.03,144392,130813111.00000001,0.0,15,8.92,0,2025-11-09 16:00:00
20251111,1762790400000,9.15,9.309999999999999,8.94,8.979999999999999,138384,125940419.0,0.0,15,9.03,0,2025-11-10 16:00:00
20251112,1762876800000,8.99,9.020000000000001,8.81,8.88,110387,98050963.00000001,0.0,15,8.98,0,2025-11-11 16:00:00
20251113,1762963200000,8.969999999999999,9.07,8.85,8.959999999999999,101491,91160525.0,0.0,15,8.879999999999999,0,2025-11-12 16:00:00
20251114,1763049600000,8.959999999999999,9.06,8.92,8.959999999999999,118674,106741530.0,0.0,15,8.959999999999999,0,2025-11-13 16:00:00
20251117,1763308800000,8.98,9.01,8.66,8.76,132607,116746462.99999999,0.0,15,8.96,0,2025-11-16 16:00:00
20251118,1763395200000,8.750000000000002,8.760000000000002,8.540000000000001,8.65,119260,102922488.00000001,0.0,15,8.760000000000002,0,2025-11-17 16:00:00
20251119,1763481600000,8.65,8.709999999999999,8.51,8.549999999999999,70863,60882423.0,0.0,15,8.65,0,2025-11-18 16:00:00
20251120,1763568000000,8.6,8.7,8.43,8.5,84224,71850741.0,0.0,15,8.549999999999999,0,2025-11-19 16:00:00
20251121,1763654400000,8.43,8.66,8.16,8.23,142128,118714112.0,0.0,15,8.5,0,2025-11-20 16:00:00
20251124,1763913600000,8.3,8.39,8.06,8.1,93478,76334657.0,0.0,15,8.23,0,2025-11-23 16:00:00
20251125,1764000000000,8.15,8.21,7.98,8.0,143022,114988323.0,0.0,15,8.1,0,2025-11-24 16:00:00
20251126,1764086400000,8.0,8.19,7.92,8.07,106076,85680274.0,0.0,15,8.0,0,2025-11-25 16:00:00
20251127,1764172800000,8.05,8.440000000000001,8.05,8.360000000000001,124162,103239249.00000001,0.0,15,8.07,0,2025-11-26 16:00:00
20251128,1764259200000,8.3,8.370000000000001,8.13,8.270000000000001,85188,70084697.0,0.0,15,8.360000000000001,0,2025-11-27 16:00:00
20251201,1764518400000,8.270000000000001,8.360000000000001,8.21,8.3,63701,52846061.0,0.0,15,8.270000000000001,0,2025-11-30 16:00:00
20251202,1764604800000,8.25,8.36,8.16,8.28,57342,47277597.0,0.0,15,8.3,0,2025-12-01 16:00:00
20251203,1764691200000,8.25,8.31,8.14,8.190000000000001,69689,57121565.0,0.0,15,8.280000000000001,0,2025-12-02 16:00:00
20251204,1764777600000,8.14,8.32,8.07,8.26,75055,61626835.0,0.0,15,8.19,0,2025-12-03 16:00:00
20251205,1764864000000,8.26,8.4,8.16,8.31,74371,61803666.0,0.0,15,8.26,0,2025-12-04 16:00:00
20251208,1765123200000,8.35,8.41,8.24,8.27,63094,52460835.00000001,0.0,15,8.31,0,2025-12-07 16:00:00
20251209,1765209600000,8.280000000000001,8.870000000000001,8.23,8.860000000000001,239402,206980681.0,0.0,15,8.27,0,2025-12-08 16:00:00
20251210,1765296000000,8.7,9.1,8.66,8.86,212384,188360101.00000003,0.0,15,8.86,0,2025-12-09 16:00:00
20251211,1765382400000,8.85,9.219999999999999,8.85,8.889999999999999,217520,196379285.0,0.0,15,8.86,0,2025-12-10 16:00:00
20251212,1765468800000,9.09,9.38,8.98,9.01,224456,205603410.0,0.0,15,8.89,0,2025-12-11 16:00:00
20251215,1765728000000,9.2,9.33,8.78,8.809999999999999,152938,136797002.00000003,0.0,15,9.01,0,2025-12-14 16:00:00
20251216,1765814400000,8.83,8.88,8.4,8.41,123681,105844796.0,0.0,15,8.81,0,2025-12-15 16:00:00
20251217,1765900800000,8.38,8.6,8.32,8.5,88252,74492806.99999999,0.0,15,8.41,0,2025-12-16 16:00:00
20251218,1765987200000,8.5,8.53,8.36,8.37,71550,60338018.0,0.0,15,8.5,0,2025-12-17 16:00:00
20251219,1766073600000,8.379999999999999,8.52,8.36,8.5,60881,51497182.00000001,0.0,15,8.37,0,2025-12-18 16:00:00
20251222,1766332800000,8.55,8.55,8.290000000000001,8.340000000000002,97331,81345668.0,0.0,15,8.500000000000002,0,2025-12-21 16:00:00
20251223,1766419200000,8.299999999999999,8.35,8.2,8.28,65150,53787950.0,0.0,15,8.34,0,2025-12-22 16:00:00
20251224,1766505600000,8.280000000000001,8.420000000000002,8.21,8.31,51084,42625101.00000001,0.0,15,8.280000000000001,0,2025-12-23 16:00:00
20251225,1766592000000,8.37,8.39,8.25,8.33,58866,48989902.0,0.0,15,8.31,0,2025-12-24 16:00:00
20251226,1766678400000,8.34,8.38,8.23,8.27,62332,51656797.00000001,0.0,15,8.33,0,2025-12-25 16:00:00
20251229,1766937600000,8.23,8.770000000000001,8.22,8.71,170078,144992982.0,0.0,15,8.270000000000001,0,2025-12-28 16:00:00
20251230,1767024000000,8.709999999999999,8.74,8.42,8.58,112595,96491039.0,0.0,15,8.709999999999999,0,2025-12-29 16:00:00
20251231,1767110400000,8.6,8.629999999999999,8.36,8.399999999999999,75006,63349565.00000001,0.0,15,8.58,0,2025-12-30 16:00:00
