date,time,open,high,low,close,volume,amount,settelementPrice,openInterest,preClose,suspendFlag,datetime
20250102,1735747200000,12.15,12.350000000000001,11.700000000000001,11.82,21653,26037313.0,0.0,15,12.15,0,2025-01-01 16:00:00
20250103,1735833600000,11.91,11.91,11.03,11.08,21664,24737714.0,0.0,15,11.82,0,2025-01-02 16:00:00
20250106,1736092800000,11.07,11.16,10.55,10.91,16084,17570295.0,0.0,15,11.08,0,2025-01-05 16:00:00
20250107,1736179200000,11.08,11.6,10.78,11.549999999999999,22663,25352967.0,0.0,15,10.91,0,2025-01-06 16:00:00
20250108,1736265600000,11.43,11.84,11.14,11.770000000000001,23917,27647753.000000004,0.0,15,11.55,0,2025-01-07 16:00:00
20250109,1736352000000,11.620000000000001,12.49,11.57,12.120000000000001,30092,36777211.0,0.0,15,11.77,0,2025-01-08 16:00:00
20250110,1736438400000,12.120000000000001,13.24,11.91,12.74,64776,83263046.0,0.0,15,12.120000000000001,0,2025-01-09 16:00:00
20250113,1736697600000,12.68,12.850000000000001,12.31,12.41,31028,38815860.00000001,0.0,15,12.74,0,2025-01-12 16:00:00
20250114,1736784000000,12.48,12.97,12.31,12.97,21247,27113527.999999996,0.0,15,12.41,0,2025-01-13 16:00:00
20250115,1736870400000,13.030000000000001,13.07,12.780000000000001,12.850000000000001,17232,22237757.0,0.0,15,12.97,0,2025-01-14 16:00:00
20250116,1736956800000,12.81,13.200000000000001,12.55,12.66,25721,33006598.999999996,0.0,15,12.850000000000001,0,2025-01-15 16:00:00
20250117,1737043200000,12.68,12.68,12.23,12.290000000000001,24634,30524609.0,0.0,15,12.66,0,2025-01-16 16:00:00
20250120,1737302400000,12.370000000000001,13.500000000000002,12.200000000000001,13.14,44041,57175373.0,0.0,15,12.290000000000001,0,2025-01-19 16:00:00
20250121,1737388800000,13.350000000000001,14.620000000000001,13.14,14.09,107222,151653975.0,0.0,15,13.14,0,2025-01-20 16:00:00
20250122,1737475200000,13.93,14.1,13.36,13.58,51798,70938687.0,0.0,15,14.09,0,2025-01-21 16:00:00
20250123,1737561600000,13.600000000000001,13.89,13.22,13.25,38263,51730286.0,0.0,15,13.58,0,2025-01-22 16:00:00
20250124,1737648000000,13.290000000000001,14.24,13.13,14.23,51593,71260411.00000001,0.0,15,13.25,0,2025-01-23 16:00:00
20250127,1737907200000,14.44,14.77,13.75,14.41,57533,82816078.00000001,0.0,15,14.23,0,2025-01-26 16:00:00
20250205,1738684800000,14.7,15.5,14.6,14.84,78880,118713527.0,0.0,15,14.41,0,2025-02-04 16:00:00
20250206,1738771200000,14.830000000000002,15.020000000000001,14.530000000000001,14.830000000000002,51455,76171928.0,0.0,15,14.840000000000002,0,2025-02-05 16:00:00
20250207,1738857600000,15.03,15.18,14.5,14.74,57579,85703804.99999999,0.0,15,14.83,0,2025-02-06 16:00:00
20250210,1739116800000,14.600000000000001,14.88,14.200000000000001,14.88,75125,108779224.0,0.0,15,14.740000000000002,0,2025-02-09 16:00:00
20250211,1739203200000,14.89,15.1,14.68,14.84,71872,106995461.0,0.0,15,14.879999999999999,0,2025-02-10 16:00:00
20250212,1739289600000,14.78,14.979999999999999,14.61,14.83,59585,88129043.0,0.0,15,14.84,0,2025-02-11 16:00:00
20250213,1739376000000,14.8,14.9,14.42,14.709999999999999,43566,63987345.0,0.0,15,14.83,0,2025-02-12 16:00:00
20250214,1739462400000,14.74,15.48,14.64,15.24,63793,96774333.0,0.0,15,14.71,0,2025-02-13 16:00:00
20250217,1739721600000,15.86,17.01,15.5,16.54,132980,215937109.0,0.0,15,15.24,0,2025-02-16 16:00:00
20250218,1739808000000,16.3,17.38,15.75,15.85,121795,200732644.0,0.0,15,16.54,0,2025-02-17 16:00:00
20250219,1739894400000,15.51,16.47,15.23,16.34,88953,141894795.0,0.0,15,15.85,0,2025-02-18 16:00:00
20250220,1739980800000,16.099999999999998,17.08,15.77,16.9,112300,184478200.0,0.0,15,16.34,0,2025-02-19 16:00:00
20250221,1740067200000,16.9,17.349999999999998,16.65,17.0,81292,137667345.0,0.0,15,16.9,0,2025-02-20 16:00:00
20250224,1740326400000,16.98,17.77,16.54,16.84,67523,115187877.0,0.0,15,17.0,0,2025-02-23 16:00:00
20250225,1740412800000,16.39,17.15,16.16,16.63,52358,87069855.0,0.0,15,16.84,0,2025-02-24 16:00:00
20250226,1740499200000,16.65,17.14,16.43,16.85,37459,62754265.0,0.0,15,16.63,0,2025-02-25 16:00:00
20250227,1740585600000,16.73,17.18,15.9,16.46,57857,95689781.00000001,0.0,15,16.85,0,2025-02-26 16:00:00
20250228,1740672000000,16.32,16.490000000000002,15.64,15.71,36566,58195524.0,0.0,15,16.46,0,2025-02-27 16:00:00
20250303,1740931200000,15.790000000000001,16.13,15.47,15.72,29538,46709934.0,0.0,15,15.71,0,2025-03-02 16:00:00
20250304,1741017600000,15.57,16.14,15.57,16.13,23893,38072109.0,0.0,15,15.72,0,2025-03-03 16:00:00
20250305,1741104000000,16.1,16.36,15.85,16.27,27057,43436868.0,0.0,15,16.13,0,2025-03-04 16:00:00
20250306,1741190400000,16.28,16.93,16.27,16.61,46031,76474406.0,0.0,15,16.27,0,2025-03-05 16:00:00
20250307,1741276800000,16.599999999999998,17.22,16.52,16.79,54337,91383191.0,0.0,15,16.61,0,2025-03-06 16:00:00
20250324,1742745600000,16.7,16.7,13.47,15.17,116965,174155099.0,0.0,15,16.79,0,2025-03-23 16:00:00
20250325,1742832000000,14.76,15.280000000000001,14.15,15.06,83336,122098872.0,0.0,15,15.17,0,2025-03-24 16:00:00
20250326,1742918400000,14.89,16.41,14.83,15.96,65188,103373486.0,0.0,15,15.06,0,2025-03-25 16:00:00
20250327,1743004800000,16.19,16.43,15.6,15.94,44004,70412742.0,0.0,15,15.959999999999999,0,2025-03-26 16:00:00
20250328,1743091200000,15.81,16.130000000000003,15.63,15.92,22467,35743059.0,0.0,15,15.940000000000001,0,2025-03-27 16:00:00
20250331,1743350400000,15.66,16.29,15.07,16.1,69018,109143336.00000001,0.0,15,15.92,0,2025-03-30 16:00:00
20250401,1743436800000,16.02,16.35,15.43,15.45,36079,56836054.0,0.0,15,16.1,0,2025-03-31 16:00:00
20250402,1743523200000,15.5,15.59,14.82,14.88,31331,47236844.0,0.0,15,15.450000000000001,0,2025-04-01 16:00:00
20250403,1743609600000,14.75,15.1,14.5,14.6,15637,23034980.0,0.0,15,14.88,0,2025-04-02 16:00:00
20250407,1743955200000,13.96,13.969999999999999,11.68,11.69,46951,58461719.0,0.0,15,14.6,0,2025-04-06 16:00:00
20250408,1744041600000,11.68,12.28,11.44,11.68,26845,31676698.999999996,0.0,15,11.69,0,2025-04-07 16:00:00
20250409,1744128000000,11.64,12.600000000000001,10.73,12.39,31773,37717071.0,0.0,15,11.68,0,2025-04-08 16:00:00
20250410,1744214400000,12.66,13.26,12.66,13.09,29865,39168695.0,0.0,15,12.39,0,2025-04-09 16:00:00
20250411,1744300800000,12.98,13.29,12.92,13.03,14403,18958644.0,0.0,15,13.09,0,2025-04-10 16:00:00
20250414,1744560000000,13.110000000000001,13.5,12.89,12.940000000000001,17900,23528374.0,0.0,15,13.030000000000001,0,2025-04-13 16:00:00
20250415,1744646400000,12.92,13.27,12.92,13.17,16255,21321794.0,0.0,15,12.94,0,2025-04-14 16:00:00
20250416,1744732800000,13.180000000000001,13.280000000000001,12.8,12.99,11237,14596155.000000002,0.0,15,13.17,0,2025-04-15 16:00:00
20250417,1744819200000,12.82,13.200000000000001,12.82,13.1,13275,17421158.0,0.0,15,12.99,0,2025-04-16 16:00:00
20250418,1744905600000,13.18,13.5,13.01,13.19,17981,23745161.0,0.0,15,13.1,0,2025-04-17 16:00:00
20250421,1745164800000,13.1,14.1,13.1,13.9,35818,49590451.0,0.0,15,13.19,0,2025-04-20 16:00:00
20250422,1745251200000,13.9,14.680000000000001,13.8,14.58,29738,42734504.0,0.0,15,13.9,0,2025-04-21 16:00:00
20250423,1745337600000,14.58,14.79,14.34,14.5,18241,26384402.0,0.0,15,14.58,0,2025-04-22 16:00:00
20250424,1745424000000,14.5,14.700000000000001,14.21,14.39,16265,23608641.0,0.0,15,14.5,0,2025-04-23 16:00:00
20250425,1745510400000,14.4,14.93,14.16,14.85,22767,33300715.0,0.0,15,14.39,0,2025-04-24 16:00:00
20250428,1745769600000,14.84,15.63,14.73,15.3,37758,57639610.0,0.0,15,14.85,0,2025-04-27 16:00:00
20250429,1745856000000,15.3,16.45,15.06,16.330000000000002,63234,101323704.00000001,0.0,15,15.3,0,2025-04-28 16:00:00
20250430,1745942400000,16.35,16.560000000000002,16.01,16.16,45786,74356967.0,0.0,15,16.330000000000002,0,2025-04-29 16:00:00
20250506,1746460800000,16.03,16.82,16.03,16.52,50992,83845547.0,0.0,15,16.16,0,2025-05-05 16:00:00
20250507,1746547200000,16.639999999999997,16.82,16.15,16.369999999999997,32684,53737826.00000001,0.0,15,16.52,0,2025-05-06 16:00:00
20250508,1746633600000,16.369999999999997,16.73,16.22,16.68,24323,40244617.0,0.0,15,16.369999999999997,0,2025-05-07 16:00:00
20250509,1746720000000,16.48,16.880000000000003,16.46,16.7,26001,43450225.0,0.0,15,16.68,0,2025-05-08 16:00:00
20250512,1746979200000,16.740000000000002,17.07,16.6,16.85,26992,45556172.0,0.0,15,16.700000000000003,0,2025-05-11 16:00:00
20250513,1747065600000,17.080000000000002,17.19,16.66,16.92,27710,46797329.0,0.0,15,16.85,0,2025-05-12 16:00:00
20250514,1747152000000,16.990000000000002,17.14,16.3,16.38,27503,45628425.0,0.0,15,16.92,0,2025-05-13 16:00:00
20250515,1747238400000,16.45,16.56,16.06,16.259999999999998,23787,38732935.0,0.0,15,16.38,0,2025-05-14 16:00:00
20250516,1747324800000,16.26,16.560000000000002,16.1,16.270000000000003,15179,24873922.0,0.0,15,16.26,0,2025-05-15 16:00:00
20250519,1747584000000,16.13,17.38,16.13,16.75,53321,89306643.00000001,0.0,15,16.27,0,2025-05-18 16:00:00
20250520,1747670400000,16.580000000000002,16.67,16.14,16.48,36835,60456277.0,0.0,15,16.75,0,2025-05-19 16:00:00
20250521,1747756800000,16.48,16.55,15.950000000000001,15.950000000000001,42910,69441540.00000001,0.0,15,16.48,0,2025-05-20 16:00:00
20250522,1747843200000,15.9,16.39,15.790000000000001,15.9,22047,35391662.0,0.0,15,15.950000000000001,0,2025-05-21 16:00:00
20250523,1747929600000,16.03,16.03,15.3,15.4,36967,57512927.0,0.0,15,15.9,0,2025-05-22 16:00:00
20250526,1748188800000,15.27,15.82,15.27,15.78,20764,32506170.0,0.0,15,15.4,0,2025-05-25 16:00:00
20250527,1748275200000,15.690000000000001,15.790000000000001,15.370000000000001,15.74,16041,25050405.0,0.0,15,15.780000000000001,0,2025-05-26 16:00:00
20250528,1748361600000,15.75,15.99,15.33,15.4,15703,24284081.0,0.0,15,15.74,0,2025-05-27 16:00:00
20250529,1748448000000,15.620000000000001,15.88,15.4,15.8,20772,32507307.0,0.0,15,15.4,0,2025-05-28 16:00:00
20250530,1748534400000,15.709999999999999,15.75,15.35,15.379999999999999,15442,23826319.000000004,0.0,15,15.799999999999999,0,2025-05-29 16:00:00
20250603,1748880000000,15.5,15.68,15.06,15.08,20019,30735764.0,0.0,15,15.38,0,2025-06-02 16:00:00
20250604,1748966400000,15.08,15.42,15.08,15.25,11563,17674818.0,0.0,15,15.08,0,2025-06-03 16:00:00
20250605,1749052800000,15.31,15.55,15.21,15.49,13412,20643981.0,0.0,15,15.25,0,2025-06-04 16:00:00
20250606,1749139200000,15.58,16.05,15.38,15.97,27450,43407668.0,0.0,15,15.49,0,2025-06-05 16:00:00
20250609,1749398400000,15.99,17.09,15.82,16.580000000000002,49480,82142236.0,0.0,15,15.97,0,2025-06-08 16:00:00
20250610,1749484800000,16.62,16.669999999999998,16.02,16.25,28623,46638286.0,0.0,15,16.58,0,2025-06-09 16:00:00
20250611,1749571200000,16.25,16.32,15.98,16.01,18447,29716468.0,0.0,15,16.25,0,2025-06-10 16:00:00
20250612,1749657600000,16.02,16.16,15.82,16.15,12458,19988596.0,0.0,15,16.01,0,2025-06-11 16:00:00
20250613,1749744000000,16.16,16.16,15.33,15.43,33535,52259760.0,0.0,15,16.15,0,2025-06-12 16:00:00
20250616,1750003200000,15.410000000000002,15.750000000000002,15.200000000000001,15.55,15924,24840131.000000004,0.0,15,15.430000000000001,0,2025-06-15 16:00:00
20250617,1750089600000,15.55,15.770000000000001,15.280000000000001,15.38,21908,34004247.00000001,0.0,15,15.55,0,2025-06-16 16:00:00
20250618,1750176000000,15.38,15.48,15.08,15.38,15720,24018576.000000004,0.0,15,15.38,0,2025-06-17 16:00:00
20250619,1750262400000,15.299999999999999,15.52,15.02,15.08,15576,23641127.0,0.0,15,15.379999999999999,0,2025-06-18 16:00:00
20250620,1750348800000,15.080000000000002,15.330000000000002,14.780000000000001,14.840000000000002,17071,25518505.0,0.0,15,15.080000000000002,0,2025-06-19 16:00:00
20250623,1750608000000,14.72,15.360000000000001,14.72,15.22,17786,27040900.0,0.0,15,14.84,0,2025-06-22 16:00:00
20250624,1750694400000,15.23,15.5,15.16,15.34,23267,35728547.0,0.0,15,15.22,0,2025-06-23 16:00:00
20250625,1750780800000,15.350000000000001,15.5,15.21,15.41,23811,36572966.0,0.0,15,15.340000000000002,0,2025-06-24 16:00:00
20250626,1750867200000,15.49,15.73,15.32,15.55,26682,41369111.0,0.0,15,15.41,0,2025-06-25 16:00:00
20250627,1750953600000,15.6,15.79,15.5,15.67,21096,32968790.0,0.0,15,15.55,0,2025-06-26 16:00:00
20250630,1751212800000,15.750000000000002,15.89,15.610000000000001,15.870000000000001,26985,42551600.0,0.0,15,15.670000000000002,0,2025-06-29 16:00:00
20250701,1751299200000,15.94,15.94,15.51,15.74,24045,37806139.0,0.0,15,15.87,0,2025-06-30 16:00:00
20250702,1751385600000,15.74,15.83,15.38,15.5,19828,30777066.0,0.0,15,15.74,0,2025-07-01 16:00:00
20250703,1751472000000,15.51,15.75,15.4,15.530000000000001,21106,32795599.0,0.0,15,15.5,0,2025-07-02 16:00:00
20250704,1751558400000,15.56,15.63,15.280000000000001,15.450000000000001,20049,30984852.000000004,0.0,15,15.530000000000001,0,2025-07-03 16:00:00
20250707,1751817600000,15.4,15.590000000000002,15.13,15.360000000000001,19461,29824479.000000004,0.0,15,15.450000000000001,0,2025-07-06 16:00:00
20250708,1751904000000,15.43,15.66,15.23,15.66,15317,23769919.000000004,0.0,15,15.360000000000001,0,2025-07-07 16:00:00
20250709,1751990400000,15.66,15.93,15.48,15.83,31290,49097986.0,0.0,15,15.66,0,2025-07-08 16:00:00
20250710,1752076800000,15.71,15.860000000000001,15.48,15.56,22981,35955664.0,0.0,15,15.83,0,2025-07-09 16:00:00
20250711,1752163200000,15.56,15.8,15.4,15.790000000000001,22391,35058449.99999999,0.0,15,15.56,0,2025-07-10 16:00:00
20250714,1752422400000,15.690000000000001,15.81,15.610000000000001,15.750000000000002,19506,30647228.0,0.0,15,15.790000000000001,0,2025-07-13 16:00:00
20250715,1752508800000,15.65,15.75,15.22,15.540000000000001,25182,38897816.0,0.0,15,15.75,0,2025-07-14 16:00:00
20250716,1752595200000,15.63,15.93,15.4,15.83,36562,57712548.0,0.0,15,15.540000000000001,0,2025-07-15 16:00:00
20250717,1752681600000,15.83,15.99,15.63,15.89,31906,50648044.0,0.0,15,15.83,0,2025-07-16 16:00:00
20250718,1752768000000,15.88,16.0,15.700000000000001,15.790000000000001,23095,36518016.0,0.0,15,15.89,0,2025-07-17 16:00:00
20250721,1753027200000,15.91,16.28,15.790000000000001,16.04,36784,59069841.0,0.0,15,15.790000000000001,0,2025-07-20 16:00:00
20250722,1753113600000,16.23,16.23,15.780000000000001,15.89,35285,56469811.00000001,0.0,15,16.040000000000003,0,2025-07-21 16:00:00
20250723,1753200000000,15.9,16.23,15.66,16.0,22726,36222407.99999999,0.0,15,15.89,0,2025-07-22 16:00:00
20250724,1753286400000,16.130000000000003,16.28,15.950000000000001,16.03,24424,39283612.0,0.0,15,16.0,0,2025-07-23 16:00:00
20250725,1753372800000,16.12,16.3,15.98,16.3,35977,58114970.0,0.0,15,16.03,0,2025-07-24 16:00:00
20250728,1753632000000,16.31,16.5,16.18,16.5,33928,55507735.00000001,0.0,15,16.3,0,2025-07-27 16:00:00
20250729,1753718400000,16.5,16.759999999999998,16.38,16.75,38339,63433361.99999999,0.0,15,16.5,0,2025-07-28 16:00:00
20250730,1753804800000,16.75,16.75,16.28,16.400000000000002,33098,54645000.00000001,0.0,15,16.75,0,2025-07-29 16:00:00
20250731,1753891200000,16.43,16.6,16.25,16.31,37385,61296229.00000001,0.0,15,16.4,0,2025-07-30 16:00:00
20250801,1753977600000,16.4,16.92,16.16,16.8,50290,83238856.0,0.0,15,16.31,0,2025-07-31 16:00:00
20250804,1754236800000,16.8,17.099999999999998,16.61,17.07,48487,81996055.0,0.0,15,16.8,0,2025-08-03 16:00:00
20250805,1754323200000,17.22,17.71,17.0,17.38,71851,124470289.0,0.0,15,17.07,0,2025-08-04 16:00:00
20250806,1754409600000,17.36,18.38,17.02,18.14,81407,144627754.00000003,0.0,15,17.38,0,2025-08-05 16:00:00
20250807,1754496000000,18.01,18.18,17.73,17.78,58628,104842835.0,0.0,15,18.14,0,2025-08-06 16:00:00
20250808,1754582400000,17.81,18.13,17.56,17.88,47722,84964493.00000001,0.0,15,17.779999999999998,0,2025-08-07 16:00:00
20250811,1754841600000,17.99,17.99,17.7,17.7,38761,69004410.0,0.0,15,17.88,0,2025-08-10 16:00:00
20250812,1754928000000,17.720000000000002,17.840000000000003,17.400000000000002,17.69,36361,64028090.00000001,0.0,15,17.700000000000003,0,2025-08-11 16:00:00
20250813,1755014400000,17.7,17.799999999999997,17.47,17.619999999999997,32154,56627776.0,0.0,15,17.689999999999998,0,2025-08-12 16:00:00
20250814,1755100800000,17.61,17.67,16.98,17.01,41787,72196916.0,0.0,15,17.62,0,2025-08-13 16:00:00
20250815,1755187200000,17.11,17.32,16.95,17.25,29374,50385830.0,0.0,15,17.009999999999998,0,2025-08-14 16:00:00
20250818,1755446400000,17.32,17.810000000000002,17.3,17.57,46021,80926270.00000001,0.0,15,17.25,0,2025-08-17 16:00:00
20250819,1755532800000,17.71,17.71,17.2,17.509999999999998,35724,62521570.00000001,0.0,15,17.57,0,2025-08-18 16:00:00
20250820,1755619200000,17.57,17.61,17.22,17.54,27159,47243719.00000001,0.0,15,17.509999999999998,0,2025-08-19 16:00:00
20250821,1755705600000,17.540000000000003,17.860000000000003,17.42,17.580000000000002,35983,63520862.0,0.0,15,17.540000000000003,0,2025-08-20 16:00:00
20250822,1755792000000,17.540000000000003,17.85,17.35,17.810000000000002,50158,88202800.0,0.0,15,17.580000000000002,0,2025-08-21 16:00:00
20250825,1756051200000,17.6,17.75,17.01,17.14,69477,120561931.0,0.0,15,17.810000000000002,0,2025-08-24 16:00:00
20250826,1756137600000,17.15,17.43,16.79,17.23,40733,70158897.0,0.0,15,17.14,0,2025-08-25 16:00:00
20250827,1756224000000,17.400000000000002,17.59,16.6,16.6,50861,87054306.00000001,0.0,15,17.23,0,2025-08-26 16:00:00
20250828,1756310400000,16.32,16.89,15.8,16.69,47683,77996568.0,0.0,15,16.6,0,2025-08-27 16:00:00
20250829,1756396800000,16.55,16.55,15.8,15.8,39607,63422789.0,0.0,15,16.69,0,2025-08-28 16:00:00
20250901,1756656000000,15.85,16.28,15.82,15.85,38942,62464381.0,0.0,15,15.8,0,2025-08-31 16:00:00
20250902,1756742400000,15.85,16.1,15.56,15.75,57519,90754344.00000001,0.0,15,15.85,0,2025-09-01 16:00:00
20250903,1756828800000,15.76,15.99,15.31,15.440000000000001,45235,71190724.0,0.0,15,15.75,0,2025-09-02 16:00:00
20250904,1756915200000,15.440000000000001,15.84,15.3,15.450000000000001,46427,72321956.0,0.0,15,15.440000000000001,0,2025-09-03 16:00:00
20250905,1757001600000,15.440000000000001,15.65,15.200000000000001,15.410000000000002,36525,56181112.0,0.0,15,15.450000000000001,0,2025-09-04 16:00:00
20250908,1757260800000,15.41,15.9,15.3,15.870000000000001,44959,70175509.0,0.0,15,15.41,0,2025-09-07 16:00:00
20250909,1757347200000,15.770000000000001,15.82,15.38,15.42,33862,52726813.0,0.0,15,15.870000000000001,0,2025-09-08 16:00:00
20250910,1757433600000,15.34,15.73,15.33,15.41,22116,34296449.0,0.0,15,15.42,0,2025-09-09 16:00:00
20250911,1757520000000,15.41,15.700000000000001,15.3,15.700000000000001,29402,45591095.0,0.0,15,15.41,0,2025-09-10 16:00:00
20250912,1757606400000,15.69,15.76,15.36,15.45,21911,34031837.0,0.0,15,15.7,0,2025-09-11 16:00:00
20250915,1757865600000,15.4,15.48,15.23,15.280000000000001,19670,30113781.000000004,0.0,15,15.450000000000001,0,2025-09-14 16:00:00
20250916,1757952000000,15.280000000000001,15.71,15.23,15.65,27689,42983881.0,0.0,15,15.280000000000001,0,2025-09-15 16:00:00
20250917,1758038400000,15.590000000000002,15.700000000000001,15.46,15.49,26950,41975307.0,0.0,15,15.65,0,2025-09-16 16:00:00
20250918,1758124800000,15.559999999999999,15.799999999999999,15.11,15.209999999999999,44214,68386547.0,0.0,15,15.49,0,2025-09-17 16:00:00
20250919,1758211200000,15.110000000000001,15.41,14.870000000000001,15.030000000000001,30402,45866479.99999999,0.0,15,15.21,0,2025-09-18 16:00:00
20250922,1758470400000,14.530000000000001,15.14,14.530000000000001,14.89,47118,69967874.0,0.0,15,15.030000000000001,0,2025-09-21 16:00:00
20250923,1758556800000,14.72,15.330000000000002,14.120000000000001,15.330000000000002,56075,82469458.0,0.0,15,14.89,0,2025-09-22 16:00:00
20250924,1758643200000,15.53,17.18,15.18,17.03,121432,199708596.99999997,0.0,15,15.33,0,2025-09-23 16:00:00
20250925,1758729600000,17.03,18.89,16.87,17.18,150258,267714473.0,0.0,15,17.03,0,2025-09-24 16:00:00
20250926,1758816000000,17.4,17.46,16.54,16.61,69996,118495748.00000001,0.0,15,17.18,0,2025-09-25 16:00:00
20250929,1759075200000,16.939999999999998,18.84,16.2,18.759999999999998,126224,225714822.0,0.0,15,16.61,0,2025-09-28 16:00:00
20250930,1759161600000,18.919999999999998,20.59,18.72,19.9,127302,250070853.0,0.0,15,18.759999999999998,0,2025-09-29 16:00:00
20251009,1759939200000,19.8,20.48,18.76,19.700000000000003,112605,221393592.99999997,0.0,15,19.900000000000002,0,2025-10-08 16:00:00
20251010,1760025600000,19.71,20.650000000000002,19.17,20.200000000000003,111633,222069426.99999997,0.0,15,19.700000000000003,0,2025-10-09 16:00:00
20251013,1760284800000,19.5,21.11,19.3,20.54,102390,209551294.0,0.0,15,20.2,0,2025-10-12 16:00:00
20251014,1760371200000,21.099999999999998,21.53,19.86,20.4,86193,177091993.0,0.0,15,20.54,0,2025-10-13 16:00:00
20251015,1760457600000,20.95,21.549999999999997,20.22,20.58,73777,152718929.0,0.0,15,20.4,0,2025-10-14 16:00:00
20251016,1760544000000,20.91,21.27,19.2,19.48,96084,194139269.0,0.0,15,20.58,0,2025-10-15 16:00:00
20251017,1760630400000,19.669999999999998,21.25,19.11,21.06,121235,246588818.00000003,0.0,15,19.48,0,2025-10-16 16:00:00
20251020,1760889600000,21.55,21.700000000000003,20.37,20.900000000000002,85987,179650911.0,0.0,15,21.060000000000002,0,2025-10-19 16:00:00
20251021,1760976000000,20.82,21.09,20.21,20.53,69908,143839641.00000003,0.0,15,20.900000000000002,0,2025-10-20 16:00:00
20251022,1761062400000,20.53,21.25,20.07,20.96,66971,139002605.00000003,0.0,15,20.53,0,2025-10-21 16:00:00
20251023,1761148800000,21.130000000000003,21.130000000000003,19.85,20.200000000000003,58348,118100912.0,0.0,15,20.96,0,2025-10-22 16:00:00
20251024,1761235200000,20.36,20.55,19.07,19.45,99197,196255830.0,0.0,15,20.2,0,2025-10-23 16:00:00
20251027,1761494400000,19.48,19.73,18.96,19.52,65034,125777736.00000001,0.0,15,19.45,0,2025-10-26 16:00:00
20251028,1761580800000,19.3,19.990000000000002,18.98,19.09,70930,137570634.0,0.0,15,19.52,0,2025-10-27 16:00:00
20251029,1761667200000,19.000000000000004,19.240000000000002,18.240000000000002,18.470000000000002,56767,104941742.0,0.0,15,19.090000000000003,0,2025-10-28 16:00:00
20251030,1761753600000,18.45,18.96,18.16,18.5,38908,72063085.99999999,0.0,15,18.47,0,2025-10-29 16:00:00
20251031,1761840000000,18.64,19.3,18.5,18.84,46292,87450619.0,0.0,15,18.5,0,2025-10-30 16:00:00
20251103,1762099200000,19.01,19.21,18.46,18.87,42404,79851615.0,0.0,15,18.84,0,2025-11-02 16:00:00
20251104,1762185600000,19.1,19.1,18.23,18.55,31448,58148002.0,0.0,15,18.87,0,2025-11-03 16:00:00
20251105,1762272000000,18.500000000000004,18.610000000000003,17.900000000000002,17.98,54918,99353354.00000001,0.0,15,18.55,0,2025-11-04 16:00:00
20251106,1762358400000,18.060000000000002,18.290000000000003,17.650000000000002,18.14,49546,89342927.00000001,0.0,15,17.98,0,2025-11-05 16:00:00
20251107,1762444800000,18.14,18.14,17.63,17.7,34831,62036150.0,0.0,15,18.14,0,2025-11-06 16:00:00
20251110,1762704000000,17.98,18.51,17.73,17.88,44480,80450978.0,0.0,15,17.7,0,2025-11-09 16:00:00
20251111,1762790400000,17.89,17.96,16.54,17.0,73001,125084342.0,0.0,15,17.88,0,2025-11-10 16:00:00
20251112,1762876800000,16.98,17.549999999999997,16.97,17.15,47980,82872210.00000001,0.0,15,17.0,0,2025-11-11 16:00:00
20251113,1762963200000,17.13,17.509999999999998,17.04,17.29,30305,52365511.0,0.0,15,17.15,0,2025-11-12 16:00:00
20251114,1763049600000,17.25,18.01,17.1,17.39,34752,60891859.0,0.0,15,17.290000000000003,0,2025-11-13 16:00:00
20251117,1763308800000,17.830000000000002,18.3,17.42,17.94,40159,72199128.0,0.0,15,17.39,0,2025-11-16 16:00:00
20251118,1763395200000,17.94,18.46,17.53,17.84,45731,81528062.0,0.0,15,17.94,0,2025-11-17 16:00:00
20251119,1763481600000,17.99,18.18,16.86,16.95,42259,72706544.0,0.0,15,17.84,0,2025-11-18 16:00:00
20251120,1763568000000,16.869999999999997,17.299999999999997,16.81,16.98,26791,45499983.0,0.0,15,16.95,0,2025-11-19 16:00:00
20251121,1763654400000,16.82,17.169999999999998,16.15,16.34,36339,60122806.0,0.0,15,16.979999999999997,0,2025-11-20 16:00:00
20251124,1763913600000,16.67,16.87,16.16,16.69,30302,49996783.0,0.0,15,16.34,0,2025-11-23 16:00:00
20251125,1764000000000,16.84,17.19,16.75,16.91,30169,51277886.0,0.0,15,16.69,0,2025-11-24 16:00:00
20251126,1764086400000,16.71,17.180000000000003,16.490000000000002,16.57,24160,40691183.0,0.0,15,16.910000000000004,0,2025-11-25 16:00:00
20251127,1764172800000,16.43,16.82,16.43,16.75,22265,37156610.0,0.0,15,16.57,0,2025-11-26 16:00:00
20251128,1764259200000,16.849999999999998,17.04,16.45,17.04,25498,42769445.0,0.0,15,16.75,0,2025-11-27 16:00:00
20251201,1764518400000,16.88,17.08,16.54,16.619999999999997,30283,50804786.0,0.0,15,17.04,0,2025-11-30 16:00:00
20251202,1764604800000,16.51,16.92,16.32,16.85,30911,51405274.0,0.0,15,16.62,0,2025-12-01 16:00:00
20251203,1764691200000,16.92,16.92,16.21,16.42,31147,51399697.0,0.0,15,16.85,0,2025-12-02 16:00:00
20251204,1764777600000,16.37,16.65,16.16,16.31,29564,48404757.99999999,0.0,15,16.42,0,2025-12-03 16:00:00
20251205,1764864000000,16.38,16.9,16.16,16.9,31541,52418716.00000001,0.0,15,16.31,0,2025-12-04 16:00:00
20251208,1765123200000,17.080000000000002,17.61,16.91,17.41,31566,54714045.00000001,0.0,15,16.9,0,2025-12-07 16:00:00
20251209,1765209600000,17.41,17.46,16.830000000000002,16.840000000000003,18019,30807072.0,0.0,15,17.41,0,2025-12-08 16:00:00
20251210,1765296000000,16.799999999999997,17.16,16.22,16.29,32556,53808136.0,0.0,15,16.84,0,2025-12-09 16:00:00
20251211,1765382400000,16.35,16.37,15.860000000000001,15.940000000000001,28383,45419863.0,0.0,15,16.290000000000003,0,2025-12-10 16:00:00
20251212,1765468800000,15.81,16.17,15.66,15.7,16437,26123843.0,0.0,15,15.94,0,2025-12-11 16:00:00
20251215,1765728000000,15.52,15.92,15.33,15.81,20174,31695199.0,0.0,15,15.7,0,2025-12-14 16:00:00
20251216,1765814400000,15.770000000000001,15.920000000000002,15.290000000000001,15.350000000000001,15251,23564083.0,0.0,15,15.81,0,2025-12-15 16:00:00
20251217,1765900800000,15.33,15.43,14.92,15.33,19920,30248471.000000004,0.0,15,15.35,0,2025-12-16 16:00:00
20251218,1765987200000,15.22,15.89,15.21,15.74,21317,33490155.0,0.0,15,15.33,0,2025-12-17 16:00:00
20251219,1766073600000,15.77,16.36,15.76,16.18,19325,31109085.0,0.0,15,15.74,0,2025-12-18 16:00:00
20251222,1766332800000,16.259999999999998,16.38,16.04,16.2,14868,24098878.0,0.0,15,16.18,0,2025-12-21 16:00:00
20251223,1766419200000,16.240000000000002,16.28,15.89,16.12,15460,24800921.0,0.0,15,16.2,0,2025-12-22 16:00:00
20251224,1766505600000,16.18,16.43,15.97,16.23,11299,18353296.0,0.0,15,16.12,0,2025-12-23 16:00:00
20251225,1766592000000,16.19,16.68,16.12,16.66,21307,35051003.0,0.0,15,16.23,0,2025-12-24 16:00:00
20251226,1766678400000,16.720000000000002,16.84,16.35,16.37,17709,29311683.0,0.0,15,16.66,0,2025-12-25 16:00:00
20251229,1766937600000,16.41,16.78,16.3,16.45,20757,34290602.0,0.0,15,16.37,0,2025-12-28 16:00:00
20251230,1767024000000,16.37,17.060000000000002,16.37,16.75,18863,31487295.0,0.0,15,16.45,0,2025-12-29 16:00:00
20251231,1767110400000,16.680000000000003,17.82,16.580000000000002,17.67,35570,61524792.0,0.0,15,16.750000000000004,0,2025-12-30 16:00:00
