date,time,open,high,low,close,volume,amount,settelementPrice,openInterest,preClose,suspendFlag,datetime
20240102,1704124800000,38.9,39.09,37.75,37.97,26121,99776207.99999999,0.0,15,38.99,0,2024-01-01 16:00:00
20240103,1704211200000,37.76,38.33,37.0,37.75,16519,61795720.0,0.0,15,37.97,0,2024-01-02 16:00:00
20240104,1704297600000,37.99,37.99,36.5,36.58,14589,53733463.00000001,0.0,15,37.75,0,2024-01-03 16:00:00
20240105,1704384000000,36.68000000000001,36.720000000000006,35.230000000000004,35.580000000000005,15605,56079096.00000001,0.0,15,36.580000000000005,0,2024-01-04 16:00:00
20240108,1704643200000,35.0,35.5,34.5,34.5,11386,39656191.0,0.0,15,35.58,0,2024-01-07 16:00:00
20240109,1704729600000,34.4,35.59,34.0,35.32,20009,70158031.0,0.0,15,34.5,0,2024-01-08 16:00:00
20240110,1704816000000,35.4,35.81,34.42,34.74,16799,58622582.0,0.0,15,35.32,0,2024-01-09 16:00:00
20240111,1704902400000,34.88,35.62,34.61,35.31,13089,45887552.0,0.0,15,34.74,0,2024-01-10 16:00:00
20240112,1704988800000,35.25,36.75,34.94,35.559999999999995,17300,62312436.0,0.0,15,35.309999999999995,0,2024-01-11 16:00:00
20240115,1705248000000,35.300000000000004,35.89,34.7,35.06,9681,33990997.0,0.0,15,35.56,0,2024-01-14 16:00:00
20240116,1705334400000,34.9,36.02,34.64,35.53,16367,57805573.00000001,0.0,15,35.06,0,2024-01-15 16:00:00
20240117,1705420800000,35.28,35.550000000000004,33.95,34.010000000000005,13085,45333449.0,0.0,15,35.53,0,2024-01-16 16:00:00
20240118,1705507200000,33.879999999999995,34.269999999999996,33.22,34.07,15112,50965945.0,0.0,15,34.01,0,2024-01-17 16:00:00
20240119,1705593600000,34.080000000000005,34.68,33.2,33.82,13218,45200543.00000001,0.0,15,34.07,0,2024-01-18 16:00:00
20240122,1705852800000,34.0,34.0,31.580000000000002,31.610000000000003,17462,56957463.00000001,0.0,15,33.82,0,2024-01-21 16:00:00
20240123,1705939200000,31.61,33.0,31.05,32.94,15751,50960903.0,0.0,15,31.61,0,2024-01-22 16:00:00
20240124,1706025600000,33.03,33.27,30.78,31.94,15821,49935109.0,0.0,15,32.94,0,2024-01-23 16:00:00
20240125,1706112000000,31.8,33.35,31.34,33.11,13161,43090500.0,0.0,15,31.94,0,2024-01-24 16:00:00
20240126,1706198400000,36.1,36.31,34.99,35.13,35243,125317208.0,0.0,15,33.11,0,2024-01-25 16:00:00
20240129,1706457600000,35.010000000000005,35.78,33.730000000000004,33.730000000000004,26528,92413884.00000001,0.0,15,35.13,0,2024-01-28 16:00:00
20240130,1706544000000,33.800000000000004,35.19,33.1,33.49,28535,97743560.0,0.0,15,33.730000000000004,0,2024-01-29 16:00:00
20240131,1706630400000,33.24,33.48,31.5,31.54,24125,78258335.0,0.0,15,33.49,0,2024-01-30 16:00:00
20240201,1706716800000,31.4,33.7,30.95,33.0,32153,104994900.00000001,0.0,15,31.54,0,2024-01-31 16:00:00
20240202,1706803200000,32.980000000000004,33.15,30.3,33.0,28284,90172713.00000001,0.0,15,33.0,0,2024-02-01 16:00:00
20240205,1707062400000,32.25,32.49,29.3,30.97,32697,101550455.00000001,0.0,15,33.0,0,2024-02-04 16:00:00
20240206,1707148800000,30.610000000000003,33.300000000000004,29.01,32.7,28671,89894031.99999999,0.0,15,30.970000000000002,0,2024-02-05 16:00:00
20240207,1707235200000,32.8,33.99,32.0,32.7,32259,106866160.00000001,0.0,15,32.7,0,2024-02-06 16:00:00
20240208,1707321600000,32.870000000000005,35.980000000000004,32.85,34.43,31560,108711437.00000001,0.0,15,32.7,0,2024-02-07 16:00:00
20240219,1708272000000,34.51,35.5,34.51,35.18,23625,82951575.0,0.0,15,34.43,0,2024-02-18 16:00:00
20240220,1708358400000,35.18000000000001,35.46,34.34,35.38,18746,65314525.0,0.0,15,35.18000000000001,0,2024-02-19 16:00:00
20240221,1708444800000,34.98,36.4,34.62,35.39,25071,88773705.0,0.0,15,35.379999999999995,0,2024-02-20 16:00:00
20240222,1708531200000,35.01,35.88,34.6,35.410000000000004,20984,73927265.0,0.0,15,35.39,0,2024-02-21 16:00:00
20240223,1708617600000,35.400000000000006,36.550000000000004,34.980000000000004,36.080000000000005,25158,90053297.0,0.0,15,35.410000000000004,0,2024-02-22 16:00:00
20240226,1708876800000,35.95,37.38,35.71,36.800000000000004,29779,109242199.00000001,0.0,15,36.08,0,2024-02-25 16:00:00
20240227,1708963200000,36.82,38.0,36.06,38.0,24007,88923549.0,0.0,15,36.800000000000004,0,2024-02-26 16:00:00
20240228,1709049600000,37.67,38.980000000000004,35.07,35.12,30479,113122963.0,0.0,15,38.0,0,2024-02-27 16:00:00
20240229,1709136000000,35.09,38.300000000000004,35.02,37.580000000000005,35694,132352878.0,0.0,15,35.120000000000005,0,2024-02-28 16:00:00
20240301,1709222400000,37.769999999999996,38.18,37.08,38.0,24902,93844517.00000001,0.0,15,37.58,0,2024-02-29 16:00:00
20240304,1709481600000,37.89,37.89,36.36,37.26,26357,97611349.99999999,0.0,15,38.0,0,2024-03-03 16:00:00
20240305,1709568000000,36.88,37.68,36.03,36.86,23166,85661263.0,0.0,15,37.26,0,2024-03-04 16:00:00
20240306,1709654400000,36.75,37.72,35.35,36.84,23231,84575421.0,0.0,15,36.86,0,2024-03-05 16:00:00
20240307,1709740800000,37.0,37.67,36.0,36.0,18712,68908720.0,0.0,15,36.84,0,2024-03-06 16:00:00
20240308,1709827200000,36.0,37.89,36.0,37.6,22824,84768979.0,0.0,15,36.0,0,2024-03-07 16:00:00
20240311,1710086400000,37.5,39.0,37.5,38.79,34808,133959699.0,0.0,15,37.6,0,2024-03-10 16:00:00
20240312,1710172800000,39.0,39.07,37.88,38.5,29675,113727094.0,0.0,15,38.79,0,2024-03-11 16:00:00
20240313,1710259200000,38.66,38.66,37.61,38.05,24753,94091202.0,0.0,15,38.5,0,2024-03-12 16:00:00
20240314,1710345600000,38.0,38.28,36.62,37.349999999999994,26111,97764826.0,0.0,15,38.05,0,2024-03-13 16:00:00
20240315,1710432000000,37.01,37.01,35.78,36.660000000000004,30737,111371257.00000001,0.0,15,37.35,0,2024-03-14 16:00:00
20240318,1710691200000,37.61,38.09,37.14,38.02,33458,125939949.0,0.0,15,36.660000000000004,0,2024-03-17 16:00:00
20240319,1710777600000,37.739999999999995,38.42,37.58,37.699999999999996,22368,84943175.0,0.0,15,38.019999999999996,0,2024-03-18 16:00:00
20240320,1710864000000,37.6,38.51,37.04,38.06,21450,81087505.0,0.0,15,37.699999999999996,0,2024-03-19 16:00:00
20240321,1710950400000,38.4,39.59,37.21,37.89,28392,108670808.0,0.0,15,38.06,0,2024-03-20 16:00:00
20240322,1711036800000,37.510000000000005,38.6,37.06,37.5,26057,99143583.0,0.0,15,37.89,0,2024-03-21 16:00:00
20240325,1711296000000,37.129999999999995,39.75,36.83,37.9,42584,163894085.00000003,0.0,15,37.5,0,2024-03-24 16:00:00
20240326,1711382400000,37.83,39.04,37.4,38.629999999999995,36836,140751949.0,0.0,15,37.9,0,2024-03-25 16:00:00
20240327,1711468800000,38.14,38.5,36.74,36.910000000000004,29679,110455740.00000001,0.0,15,38.63,0,2024-03-26 16:00:00
20240328,1711555200000,36.2,37.24,36.17,36.45,24187,88729017.0,0.0,15,36.910000000000004,0,2024-03-27 16:00:00
20240329,1711641600000,36.5,36.78,34.79,36.08,29393,104622922.00000001,0.0,15,36.45,0,2024-03-28 16:00:00
20240401,1711900800000,36.0,36.9,35.47,36.66,23894,86514754.0,0.0,15,36.08,0,2024-03-31 16:00:00
20240402,1711987200000,36.66,36.66,35.62,36.089999999999996,16780,60428842.0,0.0,15,36.66,0,2024-04-01 16:00:00
20240403,1712073600000,36.080000000000005,36.28,35.2,35.36,11897,42405176.0,0.0,15,36.09,0,2024-04-02 16:00:00
20240408,1712505600000,35.2,35.31,33.04,33.38,30526,103662001.0,0.0,15,35.36,0,2024-04-07 16:00:00
20240409,1712592000000,33.57,33.980000000000004,33.31,33.63,14842,49875686.00000001,0.0,15,33.38,0,2024-04-08 16:00:00
20240410,1712678400000,33.73,33.73,32.5,32.76,14052,46392431.0,0.0,15,33.63,0,2024-04-09 16:00:00
20240411,1712764800000,32.580000000000005,33.580000000000005,32.410000000000004,32.800000000000004,10801,35781134.00000001,0.0,15,32.760000000000005,0,2024-04-10 16:00:00
20240412,1712851200000,32.699999999999996,33.01,32.12,32.529999999999994,12283,39944670.0,0.0,15,32.8,0,2024-04-11 16:00:00
20240415,1713110400000,32.8,33.5,31.61,32.38,20837,68255729.0,0.0,15,32.53,0,2024-04-14 16:00:00
20240416,1713196800000,32.17,32.35,30.35,30.400000000000002,17961,56079676.00000001,0.0,15,32.38,0,2024-04-15 16:00:00
20240417,1713283200000,30.86,31.86,30.62,31.450000000000003,25456,79505972.0,0.0,15,30.400000000000002,0,2024-04-16 16:00:00
20240418,1713369600000,31.46,31.78,30.62,30.93,16484,51621035.0,0.0,15,31.450000000000003,0,2024-04-17 16:00:00
20240419,1713456000000,30.95,31.01,30.05,30.46,13705,41833177.0,0.0,15,30.93,0,2024-04-18 16:00:00
20240422,1713715200000,30.23,31.18,29.7,30.64,17284,52972448.0,0.0,15,30.46,0,2024-04-21 16:00:00
20240423,1713801600000,30.8,31.14,30.35,30.700000000000003,11293,34771829.00000001,0.0,15,30.64,0,2024-04-22 16:00:00
20240424,1713888000000,30.75,31.14,30.42,31.090000000000003,13779,42514687.99999999,0.0,15,30.700000000000003,0,2024-04-23 16:00:00
20240425,1713974400000,31.240000000000002,31.900000000000002,30.44,31.42,18336,57629884.0,0.0,15,31.09,0,2024-04-24 16:00:00
20240426,1714060800000,31.700000000000003,32.95,31.400000000000002,32.5,25707,83162228.0,0.0,15,31.42,0,2024-04-25 16:00:00
20240429,1714320000000,31.92,33.17,31.71,32.54,32817,106415561.0,0.0,15,32.5,0,2024-04-28 16:00:00
20240430,1714406400000,32.6,32.75,31.63,31.66,23193,74289279.0,0.0,15,32.54,0,2024-04-29 16:00:00
20240506,1714924800000,32.120000000000005,32.96,32.03,32.71,26248,85473637.0,0.0,15,31.66,0,2024-05-05 16:00:00
20240507,1715011200000,32.9,32.9,32.0,32.29,18001,58014825.0,0.0,15,32.71,0,2024-05-06 16:00:00
20240508,1715097600000,32.34,32.36,30.85,30.900000000000002,21608,67687698.00000001,0.0,15,32.29,0,2024-05-07 16:00:00
20240509,1715184000000,31.1,31.95,31.0,31.79,19535,61597974.0,0.0,15,30.9,0,2024-05-08 16:00:00
20240510,1715270400000,31.599999999999998,31.88,30.2,30.41,23664,72628951.00000001,0.0,15,31.79,0,2024-05-09 16:00:00
20240513,1715529600000,24.330000000000002,30.35,24.330000000000002,28.680000000000003,36486,106419057.0,0.0,15,30.410000000000004,0,2024-05-12 16:00:00
20240514,1715616000000,28.75,29.259999999999998,28.2,28.24,18266,52085036.99999999,0.0,15,28.68,0,2024-05-13 16:00:00
20240515,1715702400000,28.500000000000004,29.040000000000003,28.150000000000002,28.71,17987,51451463.0,0.0,15,28.240000000000002,0,2024-05-14 16:00:00
20240516,1715788800000,28.89,29.310000000000002,28.6,28.950000000000003,13257,38485453.0,0.0,15,28.71,0,2024-05-15 16:00:00
20240517,1715875200000,28.92,29.400000000000002,28.6,29.400000000000002,9876,28781931.000000004,0.0,15,28.950000000000003,0,2024-05-16 16:00:00
20240520,1716134400000,29.37,30.220000000000002,29.12,29.71,15173,45099436.0,0.0,15,29.400000000000002,0,2024-05-19 16:00:00
20240521,1716220800000,29.53,29.63,29.0,29.37,10359,30381045.000000004,0.0,15,29.71,0,2024-05-20 16:00:00
20240522,1716307200000,29.96,30.08,29.25,30.02,13057,38814994.0,0.0,15,29.37,0,2024-05-21 16:00:00
20240523,1716393600000,29.720000000000002,29.950000000000003,29.28,29.41,9985,29530080.000000004,0.0,15,30.02,0,2024-05-22 16:00:00
20240524,1716480000000,29.540000000000003,29.64,28.44,28.490000000000002,11497,33310456.0,0.0,15,29.41,0,2024-05-23 16:00:00
20240527,1716739200000,28.900000000000002,29.1,27.62,29.080000000000002,12636,35728242.0,0.0,15,28.490000000000002,0,2024-05-26 16:00:00
20240528,1716825600000,29.54,30.0,29.11,29.23,14705,43506306.00000001,0.0,15,29.08,0,2024-05-27 16:00:00
20240529,1716912000000,29.23,30.2,29.14,29.53,14568,43470209.0,0.0,15,29.23,0,2024-05-28 16:00:00
20240530,1716998400000,30.099999999999998,30.4,29.22,30.049999999999997,14969,44759252.0,0.0,15,29.529999999999998,0,2024-05-29 16:00:00
20240531,1717084800000,30.060000000000002,30.69,29.8,30.23,15803,48037393.0,0.0,15,30.05,0,2024-05-30 16:00:00
20240603,1717344000000,31.200000000000003,31.400000000000002,29.900000000000002,30.320000000000004,26464,81208811.0,0.0,15,30.23,0,2024-06-02 16:00:00
20240604,1717430400000,30.55,30.56,29.5,30.21,14671,44041615.0,0.0,15,30.32,0,2024-06-03 16:00:00
20240605,1717516800000,29.96,30.650000000000002,29.96,30.26,12675,38497725.0,0.0,15,30.21,0,2024-06-04 16:00:00
20240606,1717603200000,30.540000000000003,30.85,29.51,29.700000000000003,16764,50345937.00000001,0.0,15,30.26,0,2024-06-05 16:00:00
20240607,1717689600000,29.78,30.020000000000003,29.01,29.240000000000002,14644,43173338.0,0.0,15,29.700000000000003,0,2024-06-06 16:00:00
20240611,1718035200000,29.650000000000002,30.830000000000002,29.05,30.7,24545,74083984.00000001,0.0,15,29.240000000000002,0,2024-06-10 16:00:00
20240612,1718121600000,32.66,32.99,30.88,31.15,41678,131165434.00000001,0.0,15,30.7,0,2024-06-11 16:00:00
20240613,1718208000000,31.87,32.45,31.150000000000002,31.410000000000004,47796,151867158.0,0.0,15,31.150000000000002,0,2024-06-12 16:00:00
20240614,1718294400000,31.39,32.11,29.38,29.5,70459,214295033.0,0.0,15,31.41,0,2024-06-13 16:00:00
20240617,1718553600000,29.51,29.950000000000003,29.01,29.26,28879,84996716.00000001,0.0,15,29.5,0,2024-06-16 16:00:00
20240618,1718640000000,29.45,30.3,29.27,29.54,20398,60848612.00000001,0.0,15,29.259999999999998,0,2024-06-17 16:00:00
20240619,1718726400000,29.73,29.89,28.18,28.49,24663,70606771.99999999,0.0,15,29.54,0,2024-06-18 16:00:00
20240620,1718812800000,28.45,29.669999999999998,28.2,28.57,24520,71108155.0,0.0,15,28.49,0,2024-06-19 16:00:00
20240621,1718899200000,28.380000000000003,28.57,27.46,27.87,18293,50816449.0,0.0,15,28.57,0,2024-06-20 16:00:00
20240624,1719158400000,28.0,28.0,26.42,26.44,19860,53660005.0,0.0,15,27.87,0,2024-06-23 16:00:00
20240625,1719244800000,26.380000000000003,26.73,25.55,25.740000000000002,21017,54646835.0,0.0,15,26.44,0,2024-06-24 16:00:00
20240626,1719331200000,25.75,26.35,25.3,26.240000000000002,16464,42555080.00000001,0.0,15,25.740000000000002,0,2024-06-25 16:00:00
20240627,1719417600000,26.14,26.26,25.21,25.25,14999,38437132.0,0.0,15,26.240000000000002,0,2024-06-26 16:00:00
20240628,1719504000000,25.25,25.65,24.84,24.9,17520,44321975.00000001,0.0,15,25.25,0,2024-06-27 16:00:00
20240701,1719763200000,24.89,25.05,23.79,24.39,24519,59554319.0,0.0,15,24.9,0,2024-06-30 16:00:00
20240702,1719849600000,24.509999999999998,24.68,23.34,23.5,24164,57404767.0,0.0,15,24.39,0,2024-07-01 16:00:00
20240703,1719936000000,23.450000000000003,23.930000000000003,23.17,23.6,15648,36805613.0,0.0,15,23.5,0,2024-07-02 16:00:00
20240704,1720022400000,23.69,23.69,22.71,22.77,14924,34416332.0,0.0,15,23.6,0,2024-07-03 16:00:00
20240705,1720108800000,22.78,23.220000000000002,22.26,23.1,17048,38857422.0,0.0,15,22.770000000000003,0,2024-07-04 16:00:00
20240708,1720368000000,23.290000000000003,23.290000000000003,22.400000000000002,22.650000000000002,16506,37576924.0,0.0,15,23.1,0,2024-07-07 16:00:00
20240709,1720454400000,22.66,23.31,22.11,23.169999999999998,22861,52276979.0,0.0,15,22.65,0,2024-07-08 16:00:00
20240710,1720540800000,23.12,23.37,22.66,22.92,19703,45459128.00000001,0.0,15,23.17,0,2024-07-09 16:00:00
20240711,1720627200000,23.3,24.130000000000003,23.01,24.0,21916,51935645.0,0.0,15,22.92,0,2024-07-10 16:00:00
20240712,1720713600000,24.099999999999998,24.099999999999998,23.47,23.9,15130,36019857.0,0.0,15,24.0,0,2024-07-11 16:00:00
20240715,1720972800000,23.8,24.13,23.18,23.259999999999998,14154,33305764.0,0.0,15,23.9,0,2024-07-14 16:00:00
20240716,1721059200000,23.01,23.660000000000004,22.830000000000002,23.42,16158,37513272.0,0.0,15,23.26,0,2024-07-15 16:00:00
20240717,1721145600000,24.0,27.66,24.0,26.54,60517,156142751.99999997,0.0,15,23.42,0,2024-07-16 16:00:00
20240718,1721232000000,25.8,27.53,24.740000000000002,27.44,62393,160865001.00000003,0.0,15,26.46,0,2024-07-17 16:00:00
20240719,1721318400000,26.91,27.560000000000002,26.51,26.6,43032,116101835.0,0.0,15,27.44,0,2024-07-18 16:00:00
20240722,1721577600000,26.27,27.0,26.02,26.39,28898,76528133.0,0.0,15,26.599999999999998,0,2024-07-21 16:00:00
20240723,1721664000000,26.53,26.53,24.830000000000002,24.900000000000002,28831,73577237.0,0.0,15,26.39,0,2024-07-22 16:00:00
20240724,1721750400000,24.72,25.09,23.88,24.08,23090,56326239.00000001,0.0,15,24.9,0,2024-07-23 16:00:00
20240725,1721836800000,24.06,24.75,23.7,24.37,23785,57962104.99999999,0.0,15,24.08,0,2024-07-24 16:00:00
20240726,1721923200000,24.29,24.66,24.02,24.29,19077,46256804.00000001,0.0,15,24.37,0,2024-07-25 16:00:00
20240729,1722182400000,24.33,24.44,23.5,23.55,16917,40196317.0,0.0,15,24.29,0,2024-07-28 16:00:00
20240730,1722268800000,23.39,24.090000000000003,23.150000000000002,23.520000000000003,14024,32918198.000000004,0.0,15,23.55,0,2024-07-29 16:00:00
20240731,1722355200000,23.55,25.12,23.19,25.09,25880,63210808.00000001,0.0,15,23.52,0,2024-07-30 16:00:00
20240801,1722441600000,25.13,25.96,24.66,25.34,24478,61848043.0,0.0,15,25.09,0,2024-07-31 16:00:00
20240802,1722528000000,25.040000000000003,25.36,24.28,24.34,14753,36490340.0,0.0,15,25.34,0,2024-08-01 16:00:00
20240805,1722787200000,24.02,24.59,23.0,23.01,21054,49859181.0,0.0,15,24.34,0,2024-08-04 16:00:00
20240806,1722873600000,23.330000000000002,24.020000000000003,23.330000000000002,23.8,16711,39562817.0,0.0,15,23.01,0,2024-08-05 16:00:00
20240807,1722960000000,23.7,24.25,23.5,23.84,14852,35413945.0,0.0,15,23.8,0,2024-08-06 16:00:00
20240808,1723046400000,23.650000000000002,24.45,23.21,23.73,17760,42231421.0,0.0,15,23.84,0,2024-08-07 16:00:00
20240809,1723132800000,23.91,24.37,23.3,23.310000000000002,12845,30518370.999999996,0.0,15,23.73,0,2024-08-08 16:00:00
20240812,1723392000000,23.2,23.529999999999998,22.97,23.099999999999998,12886,29848557.000000004,0.0,15,23.31,0,2024-08-11 16:00:00
20240813,1723478400000,23.18,23.240000000000002,22.55,23.220000000000002,13355,30606357.000000004,0.0,15,23.1,0,2024-08-12 16:00:00
20240814,1723564800000,23.22,23.32,22.7,22.7,10091,23092790.0,0.0,15,23.22,0,2024-08-13 16:00:00
20240815,1723651200000,22.6,23.380000000000003,22.330000000000002,22.680000000000003,17634,40245702.0,0.0,15,22.700000000000003,0,2024-08-14 16:00:00
20240816,1723737600000,22.68,22.830000000000002,22.12,22.18,15077,33842965.0,0.0,15,22.68,0,2024-08-15 16:00:00
20240819,1723996800000,22.21,22.55,21.6,21.630000000000003,19724,43352705.0,0.0,15,22.18,0,2024-08-18 16:00:00
20240820,1724083200000,21.8,21.8,21.03,21.11,12570,26724874.0,0.0,15,21.630000000000003,0,2024-08-19 16:00:00
20240821,1724169600000,21.12,21.340000000000003,20.990000000000002,21.080000000000002,9116,19263430.0,0.0,15,21.110000000000003,0,2024-08-20 16:00:00
20240822,1724256000000,21.2,21.259999999999998,20.61,20.669999999999998,10752,22412935.0,0.0,15,21.08,0,2024-08-21 16:00:00
20240823,1724342400000,20.59,20.98,20.5,20.71,9800,20256376.0,0.0,15,20.67,0,2024-08-22 16:00:00
20240826,1724601600000,20.56,21.43,20.52,21.099999999999998,12374,26081294.000000004,0.0,15,20.71,0,2024-08-25 16:00:00
20240827,1724688000000,21.400000000000002,21.400000000000002,20.71,20.82,10215,21360267.0,0.0,15,21.1,0,2024-08-26 16:00:00
20240828,1724774400000,20.650000000000002,21.16,20.55,20.86,10429,21747229.000000004,0.0,15,20.82,0,2024-08-27 16:00:00
20240829,1724860800000,20.799999999999997,21.64,20.72,21.48,18766,39973145.0,0.0,15,20.86,0,2024-08-28 16:00:00
20240830,1724947200000,20.95,21.65,20.59,21.23,42038,89691641.99999999,0.0,15,21.48,0,2024-08-29 16:00:00
20240902,1725206400000,21.57,23.23,21.14,21.16,37557,81842548.0,0.0,15,21.23,0,2024-09-01 16:00:00
20240903,1725292800000,21.08,21.73,20.7,21.259999999999998,27042,57501580.0,0.0,15,21.16,0,2024-09-02 16:00:00
20240904,1725379200000,20.98,21.450000000000003,20.78,21.0,14779,31144139.999999996,0.0,15,21.26,0,2024-09-03 16:00:00
20240905,1725465600000,21.0,21.419999999999998,20.81,20.959999999999997,13303,28066996.0,0.0,15,21.0,0,2024-09-04 16:00:00
20240906,1725552000000,20.9,21.119999999999997,19.54,19.58,29731,59577472.0,0.0,15,20.96,0,2024-09-05 16:00:00
20240909,1725811200000,19.06,19.69,19.0,19.36,18879,36561734.99999999,0.0,15,19.58,0,2024-09-08 16:00:00
20240910,1725897600000,19.26,19.650000000000002,18.94,19.470000000000002,17744,34225355.0,0.0,15,19.360000000000003,0,2024-09-09 16:00:00
20240911,1725984000000,19.47,19.92,19.25,19.76,15269,30029260.999999996,0.0,15,19.47,0,2024-09-10 16:00:00
20240912,1726070400000,19.76,20.46,19.76,19.8,16722,33557039.0,0.0,15,19.76,0,2024-09-11 16:00:00
20240913,1726156800000,19.93,19.93,19.0,19.03,16028,31073944.0,0.0,15,19.8,0,2024-09-12 16:00:00
20240918,1726588800000,18.99,19.09,18.56,18.74,12420,23335578.000000004,0.0,15,19.029999999999998,0,2024-09-17 16:00:00
20240919,1726675200000,18.740000000000002,19.44,18.62,19.23,17235,32924754.0,0.0,15,18.740000000000002,0,2024-09-18 16:00:00
20240920,1726761600000,19.310000000000002,19.310000000000002,18.44,18.630000000000003,12514,23388653.0,0.0,15,19.23,0,2024-09-19 16:00:00
20240923,1727020800000,18.5,18.82,18.35,18.400000000000002,12837,23859368.0,0.0,15,18.630000000000003,0,2024-09-22 16:00:00
20240924,1727107200000,18.500000000000004,19.980000000000004,18.400000000000002,19.930000000000003,27878,54086869.00000001,0.0,15,18.400000000000002,0,2024-09-23 16:00:00
20240925,1727193600000,20.29,20.56,19.61,19.61,29567,59455749.0,0.0,15,19.93,0,2024-09-24 16:00:00
20240926,1727280000000,19.81,20.49,19.5,20.49,24701,49411492.0,0.0,15,19.61,0,2024-09-25 16:00:00
20240927,1727366400000,20.82,22.34,20.82,22.14,22927,49579356.00000001,0.0,15,20.490000000000002,0,2024-09-26 16:00:00
20240930,1727625600000,23.58,26.56,23.0,26.55,64517,161280865.0,0.0,15,22.14,0,2024-09-29 16:00:00
20241008,1728316800000,31.71,31.86,29.2,31.849999999999998,95445,298424119.0,0.0,15,26.55,0,2024-10-07 16:00:00
20241009,1728403200000,30.6,31.86,27.87,27.87,74000,221683128.0,0.0,15,31.85,0,2024-10-08 16:00:00
20241010,1728489600000,28.66,28.900000000000002,26.37,26.400000000000002,51588,141119071.0,0.0,15,27.87,0,2024-10-09 16:00:00
20241011,1728576000000,26.39,26.67,24.3,24.52,39171,98329646.0,0.0,15,26.400000000000002,0,2024-10-10 16:00:00
20241014,1728835200000,24.64,26.67,23.75,26.12,46392,116847366.0,0.0,15,24.52,0,2024-10-13 16:00:00
20241015,1728921600000,26.99,28.0,26.34,26.38,61730,166959046.00000003,0.0,15,26.12,0,2024-10-14 16:00:00
20241016,1729008000000,26.130000000000003,26.28,25.1,25.310000000000002,41743,106787309.0,0.0,15,26.380000000000003,0,2024-10-15 16:00:00
20241017,1729094400000,25.42,25.990000000000002,24.89,24.95,31299,79632169.0,0.0,15,25.310000000000002,0,2024-10-16 16:00:00
20241018,1729180800000,24.87,28.349999999999998,24.7,27.15,66897,178018901.00000003,0.0,15,24.95,0,2024-10-17 16:00:00
20241021,1729440000000,27.96,28.5,26.88,27.22,74545,206806352.0,0.0,15,27.15,0,2024-10-20 16:00:00
20241022,1729526400000,26.98,27.37,26.26,27.01,48339,129596483.0,0.0,15,27.220000000000002,0,2024-10-21 16:00:00
20241023,1729612800000,26.849999999999998,28.1,26.52,27.49,60447,165328501.00000003,0.0,15,27.009999999999998,0,2024-10-22 16:00:00
20241024,1729699200000,27.0,27.450000000000003,26.37,26.53,38696,103289832.00000001,0.0,15,27.490000000000002,0,2024-10-23 16:00:00
20241025,1729785600000,26.43,28.72,26.43,28.169999999999998,81685,227371892.00000003,0.0,15,26.53,0,2024-10-24 16:00:00
20241028,1730044800000,28.12,28.12,26.8,27.330000000000002,59217,161357603.0,0.0,15,28.17,0,2024-10-27 16:00:00
20241029,1730131200000,27.6,27.98,26.12,26.150000000000002,51392,137419162.0,0.0,15,27.330000000000002,0,2024-10-28 16:00:00
20241030,1730217600000,26.400000000000002,26.84,25.44,25.94,40765,106612436.00000001,0.0,15,26.150000000000002,0,2024-10-29 16:00:00
20241031,1730304000000,26.560000000000002,27.490000000000002,26.14,27.240000000000002,65528,176426897.0,0.0,15,25.94,0,2024-10-30 16:00:00
20241101,1730390400000,27.29,27.33,25.63,25.709999999999997,51150,133795247.0,0.0,15,27.24,0,2024-10-31 16:00:00
20241104,1730649600000,25.65,26.77,25.5,26.49,30968,81605454.0,0.0,15,25.71,0,2024-11-03 16:00:00
20241105,1730736000000,26.5,27.76,26.0,27.55,51266,140026155.0,0.0,15,26.49,0,2024-11-04 16:00:00
20241106,1730822400000,27.84,28.32,26.78,27.37,70137,193598431.0,0.0,15,27.55,0,2024-11-05 16:00:00
20241107,1730908800000,27.1,27.830000000000002,26.900000000000002,27.78,52247,143022890.0,0.0,15,27.37,0,2024-11-06 16:00:00
20241108,1730995200000,28.39,29.700000000000003,27.990000000000002,28.23,98166,281724016.0,0.0,15,27.78,0,2024-11-07 16:00:00
20241111,1731254400000,29.18,33.88,29.1,33.88,167613,531160445.0,0.0,15,28.23,0,2024-11-10 16:00:00
20241112,1731340800000,35.97,36.07,33.0,33.38,187887,650807460.0,0.0,15,33.88,0,2024-11-11 16:00:00
20241113,1731427200000,33.58,33.6,31.35,32.26,105562,339219043.00000006,0.0,15,33.38,0,2024-11-12 16:00:00
20241114,1731513600000,32.4,33.02,30.41,30.5,71879,227657690.99999997,0.0,15,32.26,0,2024-11-13 16:00:00
20241115,1731600000000,30.700000000000003,31.69,30.1,30.330000000000002,67865,209181013.0,0.0,15,30.5,0,2024-11-14 16:00:00
20241118,1731859200000,30.33,30.83,27.75,28.3,76357,221608079.00000003,0.0,15,30.33,0,2024-11-17 16:00:00
20241119,1731945600000,28.29,29.849999999999998,28.29,29.71,54567,159090826.0,0.0,15,28.3,0,2024-11-18 16:00:00
20241120,1732032000000,29.580000000000002,29.930000000000003,29.01,29.67,53101,156300141.0,0.0,15,29.71,0,2024-11-19 16:00:00
20241121,1732118400000,30.03,31.23,29.93,30.45,71290,217797546.0,0.0,15,29.669999999999998,0,2024-11-20 16:00:00
20241122,1732204800000,30.099999999999998,30.419999999999998,28.54,28.55,53044,156397406.0,0.0,15,30.45,0,2024-11-21 16:00:00
20241125,1732464000000,29.12,30.33,28.91,29.61,64730,192031263.00000003,0.0,15,28.55,0,2024-11-24 16:00:00
20241126,1732550400000,29.32,30.12,28.28,28.52,50396,146695190.00000003,0.0,15,29.61,0,2024-11-25 16:00:00
20241127,1732636800000,28.34,29.05,27.09,28.9,49521,138138193.00000003,0.0,15,28.52,0,2024-11-26 16:00:00
20241128,1732723200000,28.599999999999998,29.77,28.54,28.88,45246,131578687.00000001,0.0,15,28.9,0,2024-11-27 16:00:00
20241129,1732809600000,28.81,30.27,28.0,29.81,58864,172327942.0,0.0,15,28.88,0,2024-11-28 16:00:00
20241202,1733068800000,29.8,30.169999999999998,29.36,29.96,48546,144802231.00000003,0.0,15,29.81,0,2024-12-01 16:00:00
20241203,1733155200000,29.970000000000002,30.790000000000003,29.490000000000002,29.85,55664,167522834.0,0.0,15,29.96,0,2024-12-02 16:00:00
20241204,1733241600000,30.340000000000003,30.830000000000002,29.400000000000002,29.51,46094,138664669.0,0.0,15,29.85,0,2024-12-03 16:00:00
20241205,1733328000000,29.65,30.55,29.32,30.01,43174,129586426.0,0.0,15,29.51,0,2024-12-04 16:00:00
20241206,1733414400000,29.93,30.759999999999998,29.04,30.599999999999998,62939,189041390.0,0.0,15,30.009999999999998,0,2024-12-05 16:00:00
20241209,1733673600000,30.43,30.6,29.53,29.85,36045,108127138.0,0.0,15,30.6,0,2024-12-08 16:00:00
20241210,1733760000000,31.01,31.2,30.0,30.21,51492,158016071.0,0.0,15,29.85,0,2024-12-09 16:00:00
20241211,1733846400000,30.12,30.570000000000004,29.900000000000002,30.200000000000003,38971,117706152.00000001,0.0,15,30.21,0,2024-12-10 16:00:00
20241212,1733932800000,30.3,30.33,29.68,30.02,34245,102723863.99999999,0.0,15,30.2,0,2024-12-11 16:00:00
20241213,1734019200000,29.8,29.990000000000002,28.810000000000002,28.89,49851,145873454.0,0.0,15,30.020000000000003,0,2024-12-12 16:00:00
20241216,1734278400000,28.85,28.919999999999998,27.77,28.099999999999998,37953,107353648.00000001,0.0,15,28.89,0,2024-12-15 16:00:00
20241217,1734364800000,28.19,28.19,27.400000000000002,27.700000000000003,24209,67409327.0,0.0,15,28.1,0,2024-12-16 16:00:00
20241218,1734451200000,27.92,28.360000000000003,27.67,27.94,21865,61318707.00000001,0.0,15,27.700000000000003,0,2024-12-17 16:00:00
20241219,1734537600000,27.71,28.0,26.71,26.92,41216,112225876.0,0.0,15,27.94,0,2024-12-18 16:00:00
20241220,1734624000000,26.87,28.25,26.76,27.76,39577,109069575.99999999,0.0,15,26.92,0,2024-12-19 16:00:00
20241223,1734883200000,27.92,27.98,26.85,26.970000000000002,28613,78159688.99999999,0.0,15,27.76,0,2024-12-22 16:00:00
20241224,1734969600000,27.34,27.77,26.88,27.759999999999998,24507,67365413.0,0.0,15,26.97,0,2024-12-23 16:00:00
20241225,1735056000000,27.6,27.680000000000003,26.830000000000002,27.000000000000004,23591,63999279.0,0.0,15,27.76,0,2024-12-24 16:00:00
20241226,1735142400000,27.01,27.3,26.91,27.080000000000002,20669,56013060.0,0.0,15,27.0,0,2024-12-25 16:00:00
20241227,1735228800000,27.16,30.0,26.580000000000002,29.37,92410,263369269.0,0.0,15,27.080000000000002,0,2024-12-26 16:00:00
20241230,1735488000000,28.43,28.75,27.6,28.57,65775,185324150.0,0.0,15,29.37,0,2024-12-29 16:00:00
20241231,1735574400000,28.419999999999998,28.419999999999998,26.88,26.89,41246,113630132.00000001,0.0,15,28.57,0,2024-12-30 16:00:00
